#header text header text texty text text
0.558889	0.043725	0.010085	0.010692	3.704318	0.047423	0.011064	0.043045	0.487247
0.558117	0.029392	0.010555	0.010300	3.712419	0.047252	0.013507	0.044553	0.485559
0.558552	0.059757	0.009817	0.009288	3.710222	0.046606	0.012724	0.029675	0.485803
0.558379	0.055959	0.010104	0.009420	3.715775	0.046751	0.011023	0.021260	0.485033
0.558710	0.037355	0.010349	0.010223	3.707951	0.046552	0.011074	0.034620	0.485127
0.557859	0.035359	0.010261	0.010050	3.705659	0.047079	0.013427	0.043988	0.483844
0.558903	0.053924	0.009861	0.009738	3.700226	0.046383	0.012529	0.038328	0.484406
0.558250	0.057112	0.010878	0.010226	3.705259	0.046187	0.011010	0.030155	0.483827
0.559025	0.040243	0.009885	0.010643	3.706805	0.046549	0.011117	0.043888	0.484284
0.557786	0.038735	0.010935	0.010160	3.708582	0.046519	0.013793	0.042115	0.483139
0.559011	0.041003	0.010187	0.009298	3.715336	0.045983	0.012531	0.042257	0.483930
0.558364	0.048495	0.010671	0.009362	3.705387	0.046230	0.010976	0.029526	0.483357
0.558935	0.032516	0.010070	0.010126	3.703142	0.046411	0.011016	0.040770	0.483626
0.557748	0.040781	0.010784	0.009837	3.714729	0.046552	0.013817	0.043987	0.482882
0.559205	0.049441	0.009862	0.009383	3.708454	0.045999	0.012305	0.036581	0.483309
0.558378	0.048338	0.010893	0.009930	3.708381	0.046034	0.010936	0.022162	0.482806
0.559330	0.042680	0.010205	0.010627	3.708929	0.046297	0.011006	0.037053	0.483140
0.558127	0.045752	0.010693	0.010147	3.704504	0.046416	0.013839	0.044971	0.482618
0.559234	0.057814	0.009774	0.009469	3.703741	0.045972	0.012385	0.033869	0.483016
0.558606	0.048218	0.010762	0.009518	3.708101	0.046106	0.010936	0.028696	0.482628
0.559199	0.022326	0.009934	0.009994	3.701018	0.046354	0.011043	0.032391	0.482878
0.558042	0.036496	0.010681	0.009641	3.706373	0.046654	0.013775	0.043517	0.482081
0.559276	0.051182	0.009654	0.009257	3.705260	0.045897	0.012259	0.036145	0.482733
0.558477	0.046583	0.010756	0.009727	3.709364	0.045937	0.010976	0.027572	0.482578
0.559335	0.034770	0.010259	0.010493	3.704559	0.046084	0.010991	0.037976	0.482766
0.558174	0.028408	0.010656	0.010020	3.708915	0.046516	0.013865	0.044430	0.482146
0.559215	0.053981	0.010086	0.009602	3.704972	0.045526	0.012269	0.035455	0.482615
0.558433	0.060592	0.011346	0.009690	3.697584	0.045709	0.011065	0.032016	0.482283
0.559201	0.036138	0.010191	0.009938	3.693753	0.046232	0.011015	0.044960	0.482510
0.557806	0.039892	0.011169	0.009399	3.704731	0.046079	0.013971	0.046699	0.482242
0.559175	0.052076	0.009856	0.008936	3.705892	0.045628	0.012166	0.034743	0.482701
0.558367	0.045384	0.010954	0.009419	3.704587	0.045796	0.011013	0.027046	0.482511
0.559289	0.046041	0.010175	0.010322	3.710634	0.045936	0.011125	0.041465	0.482839
0.558004	0.036612	0.010691	0.009721	3.705570	0.046541	0.013712	0.049308	0.482534
0.559183	0.056656	0.009357	0.009554	3.707271	0.045622	0.012109	0.037765	0.483203
0.558288	0.052755	0.010988	0.009573	3.699963	0.045774	0.011141	0.033589	0.482588
0.559265	0.036257	0.009642	0.009765	3.695481	0.046188	0.011231	0.043440	0.482918
0.558330	0.040219	0.010566	0.009345	3.710002	0.046360	0.013682	0.040596	0.482726
0.559218	0.039811	0.009461	0.008641	3.699530	0.045315	0.011985	0.037535	0.483197
0.558386	0.047727	0.010781	0.009120	3.712333	0.045817	0.011071	0.030025	0.482913
0.559440	0.030385	0.009723	0.009854	3.708372	0.045987	0.011371	0.037141	0.483169
0.558297	0.034141	0.010602	0.009697	3.706847	0.046114	0.013837	0.040907	0.482740
0.559475	0.059352	0.009400	0.009388	3.695137	0.045469	0.011823	0.029451	0.483383
0.558246	0.049164	0.011089	0.009709	3.704044	0.045490	0.011178	0.032767	0.482868
0.559352	0.038769	0.009827	0.009897	3.706747	0.046001	0.011362	0.034646	0.483197
0.558146	0.040176	0.010577	0.009426	3.711520	0.046012	0.013759	0.046845	0.482693
0.559342	0.055971	0.009381	0.008685	3.708954	0.045365	0.011729	0.035161	0.483285
0.558223	0.043572	0.010649	0.009058	3.699425	0.045753	0.011029	0.028006	0.482863
0.559221	0.025840	0.009993	0.009590	3.704148	0.045736	0.011486	0.039684	0.483058
0.558169	0.031762	0.010375	0.009454	3.711751	0.046192	0.013732	0.050720	0.482882
0.559330	0.057397	0.009496	0.009321	3.697837	0.045317	0.011730	0.035117	0.483042
0.558105	0.053765	0.011111	0.009877	3.699157	0.045446	0.011118	0.034119	0.482636
0.559203	0.046239	0.009527	0.009965	3.692672	0.046091	0.011473	0.049576	0.483127
0.558082	0.041788	0.010737	0.009543	3.701722	0.045553	0.013819	0.043999	0.482687
0.559286	0.061760	0.009392	0.008750	3.708053	0.045186	0.011655	0.024808	0.483356
0.558282	0.040823	0.010523	0.009145	3.703850	0.045821	0.010821	0.025607	0.482931
0.559284	0.042848	0.009931	0.009729	3.706382	0.045670	0.011611	0.037335	0.483313
0.558194	0.032304	0.010452	0.009600	3.707086	0.045559	0.013960	0.042952	0.482806
0.559304	0.054729	0.009435	0.009312	3.705720	0.045304	0.011559	0.038516	0.483536
0.558402	0.048935	0.010401	0.010032	3.706871	0.045632	0.010879	0.035625	0.482895
0.559110	0.025746	0.009796	0.010259	3.697258	0.045397	0.011698	0.042643	0.483218
0.558426	0.032000	0.010057	0.009868	3.702892	0.045847	0.013787	0.048013	0.482736
0.559146	0.052410	0.009267	0.009122	3.704706	0.045375	0.011623	0.034615	0.483424
0.558187	0.044053	0.010677	0.009452	3.701843	0.045547	0.010937	0.033296	0.482721
0.558959	0.037536	0.009619	0.009782	3.698610	0.045861	0.011514	0.046590	0.483171
0.558386	0.047996	0.010260	0.009644	3.707893	0.045579	0.013877	0.038950	0.482536
0.559096	0.047540	0.009565	0.009099	3.704662	0.045263	0.011436	0.037536	0.483345
0.558242	0.048439	0.010618	0.010130	3.712877	0.045275	0.010930	0.025621	0.482797
0.559066	0.035593	0.009628	0.010531	3.700798	0.045698	0.011679	0.034149	0.483210
0.558330	0.048458	0.010533	0.010156	3.708706	0.045208	0.013910	0.045756	0.482619
0.559299	0.061321	0.009760	0.009457	3.696918	0.045122	0.011479	0.032515	0.483370
0.558490	0.049439	0.010619	0.009951	3.701475	0.045176	0.011001	0.034771	0.482532
0.559104	0.038637	0.009826	0.009996	3.698109	0.045797	0.011603	0.052334	0.482755
0.558441	0.047029	0.010403	0.009614	3.707808	0.045558	0.013910	0.045216	0.482230
0.559413	0.053928	0.010054	0.009090	3.701411	0.044907	0.011515	0.028506	0.482911
0.558415	0.050078	0.010429	0.010172	3.700016	0.045335	0.011005	0.033003	0.482215
0.559152	0.030570	0.010221	0.010610	3.704699	0.045471	0.011624	0.046679	0.482344
0.558185	0.042764	0.010664	0.010118	3.702574	0.045429	0.013890	0.040505	0.481746
0.559294	0.049314	0.009894	0.009644	3.707763	0.045211	0.011378	0.039886	0.482538
