#header text header text texty text text
1.175762	0.099321	0.022735	0.092282	3.666667	0.091666	0.028903	0.046804	0.830960
1.172976	0.085509	0.024846	0.091382	3.664665	0.091919	0.041502	0.086493	0.830146
1.177177	0.119492	0.021084	0.087255	3.670230	0.087789	0.034964	0.080891	0.835366
1.176371	0.128269	0.021672	0.087279	3.664722	0.089253	0.024614	0.041355	0.833830
1.175503	0.092882	0.022369	0.089958	3.662242	0.092164	0.028739	0.042695	0.829757
1.172758	0.085226	0.024802	0.089335	3.665960	0.091628	0.040964	0.085513	0.828639
1.176492	0.114660	0.021288	0.085348	3.665027	0.088027	0.034505	0.086987	0.833212
1.175139	0.133052	0.021664	0.086821	3.668877	0.088518	0.024664	0.039511	0.830968
1.174735	0.093120	0.022558	0.090631	3.663148	0.091960	0.028762	0.048043	0.827576
1.171905	0.077259	0.024083	0.090179	3.668735	0.091757	0.040451	0.091616	0.826711
1.175367	0.122198	0.020759	0.086293	3.652799	0.087251	0.034164	0.076258	0.832383
1.174951	0.127382	0.020916	0.086782	3.663607	0.088529	0.024359	0.039892	0.831405
1.174172	0.100585	0.021660	0.090531	3.669327	0.091058	0.028557	0.049149	0.828446
1.170546	0.081531	0.023908	0.089072	3.666067	0.090844	0.040486	0.093395	0.827895
1.174896	0.104060	0.020304	0.085252	3.665577	0.087297	0.033131	0.091956	0.832465
1.173093	0.120907	0.021589	0.086718	3.659888	0.088160	0.024138	0.043769	0.830219
1.172531	0.091461	0.022305	0.089730	3.670749	0.091395	0.028902	0.045099	0.826196
1.170740	0.086820	0.024386	0.089365	3.674433	0.091288	0.040232	0.092776	0.825515
1.174343	0.124902	0.020795	0.085934	3.663188	0.087110	0.033197	0.075750	0.829878
1.173095	0.128773	0.021486	0.086575	3.664736	0.088242	0.024375	0.041159	0.827644
1.172410	0.093236	0.022087	0.089598	3.664495	0.090993	0.028907	0.051059	0.824931
1.169775	0.078584	0.023642	0.088093	3.667134	0.090554	0.040168	0.093316	0.824798
1.173341	0.116327	0.019966	0.084711	3.681042	0.086591	0.032253	0.088745	0.830491
1.172058	0.125400	0.020840	0.085870	3.656403	0.087505	0.023828	0.042193	0.828798
1.171480	0.097059	0.021341	0.090036	3.675019	0.090794	0.028922	0.048024	0.825805
1.168087	0.091986	0.023642	0.089435	3.683265	0.090475	0.039814	0.096753	0.825501
1.172416	0.125526	0.019978	0.086151	3.661659	0.086555	0.031563	0.080429	0.829980
1.171381	0.134341	0.021474	0.086920	3.666545	0.087585	0.023949	0.032016	0.826909
1.171056	0.090139	0.022375	0.088554	3.662788	0.090788	0.029259	0.049240	0.823377
1.167886	0.081977	0.024025	0.087183	3.673839	0.090274	0.039844	0.089662	0.822433
1.171440	0.122481	0.020146	0.083877	3.668504	0.086272	0.031340	0.082915	0.827870
1.170461	0.128706	0.021154	0.085100	3.667786	0.087294	0.023656	0.042277	0.825778
1.169259	0.093544	0.021983	0.088970	3.663458	0.090440	0.029150	0.049304	0.824079
1.166632	0.077145	0.022941	0.087987	3.680610	0.089990	0.039287	0.098559	0.823988
1.170687	0.122581	0.019359	0.085549	3.666701	0.085966	0.030213	0.076778	0.828927
1.169212	0.131454	0.020921	0.087093	3.673743	0.087252	0.023518	0.034846	0.826823
1.168124	0.092340	0.022004	0.089326	3.675417	0.090270	0.030208	0.050543	0.822828
1.165098	0.092223	0.023604	0.087918	3.672313	0.089686	0.039600	0.086115	0.822872
1.169892	0.120432	0.019903	0.084010	3.667847	0.086022	0.030013	0.087979	0.826588
1.167970	0.130900	0.021373	0.084377	3.668434	0.087219	0.023288	0.036636	0.823578
1.167594	0.088912	0.022133	0.086815	3.663595	0.090471	0.029326	0.049896	0.821106
1.165024	0.081508	0.023140	0.086352	3.672022	0.089632	0.038796	0.097280	0.820972
1.168450	0.130967	0.019676	0.084489	3.666403	0.085328	0.029455	0.079084	0.826065
1.167067	0.138318	0.021036	0.086004	3.673118	0.086691	0.023168	0.036311	0.823922
1.165943	0.093188	0.021583	0.089100	3.668819	0.089265	0.029720	0.056820	0.822025
1.161991	0.079685	0.022609	0.087077	3.673734	0.088974	0.039388	0.090684	0.821877
1.167669	0.119474	0.018770	0.083628	3.684375	0.085779	0.028831	0.091176	0.826017
1.165155	0.124570	0.021228	0.084747	3.659351	0.086774	0.023199	0.041002	0.822366
1.163696	0.094893	0.021886	0.087140	3.678462	0.090100	0.030317	0.048105	0.819085
1.162759	0.085023	0.023092	0.085047	3.683655	0.089267	0.038165	0.094828	0.818741
1.166780	0.132101	0.019355	0.082980	3.681921	0.085353	0.028597	0.080744	0.823331
1.164959	0.134783	0.021120	0.084271	3.678456	0.085954	0.022876	0.030773	0.820210
1.163404	0.084392	0.021435	0.087564	3.665248	0.089327	0.029964	0.049666	0.818637
1.161242	0.096321	0.022375	0.086308	3.681116	0.088444	0.038416	0.083091	0.818412
1.164690	0.122743	0.018839	0.083753	3.665894	0.084546	0.028243	0.084209	0.823640
1.163015	0.126700	0.021260	0.084222	3.664547	0.086589	0.022850	0.036998	0.820311
1.161870	0.090400	0.021185	0.086722	3.677861	0.089306	0.030124	0.061845	0.817796
1.159768	0.083189	0.022318	0.085263	3.674976	0.088485	0.038286	0.095427	0.817106
1.164058	0.131806	0.018864	0.082748	3.676564	0.085010	0.027502	0.080083	0.820631
1.161332	0.132510	0.021338	0.083934	3.663835	0.085828	0.023176	0.033245	0.817019
1.160754	0.085973	0.021710	0.086413	3.667224	0.089451	0.030287	0.050150	0.814261
1.160041	0.090752	0.022332	0.084517	3.685029	0.088181	0.037284	0.091653	0.814436
1.162078	0.130239	0.018372	0.082057	3.671607	0.084283	0.027427	0.078155	0.819131
1.159822	0.127666	0.020778	0.082807	3.674970	0.085515	0.022389	0.029329	0.816595
1.158372	0.088539	0.021290	0.085402	3.670847	0.088606	0.029855	0.058374	0.814624
1.156413	0.079710	0.021752	0.084083	3.681917	0.087699	0.037007	0.097558	0.814524
1.160637	0.135414	0.018060	0.081769	3.670757	0.083839	0.026040	0.084876	0.818368
1.157418	0.132011	0.021066	0.083758	3.675845	0.086024	0.022568	0.033202	0.814746
1.155685	0.093081	0.021318	0.086318	3.668851	0.088675	0.031257	0.063413	0.810985
1.154917	0.089814	0.021768	0.084267	3.692820	0.087688	0.037210	0.091031	0.811363
1.158516	0.137352	0.018177	0.081563	3.675688	0.084013	0.025740	0.077902	0.814958
1.155124	0.121886	0.020991	0.081805	3.668903	0.084742	0.022866	0.042595	0.812118
1.154366	0.091167	0.021221	0.084033	3.670518	0.088102	0.029960	0.052483	0.810420
1.152894	0.090542	0.021455	0.082797	3.684685	0.086337	0.036584	0.094283	0.810570
1.155974	0.142263	0.017357	0.080561	3.674564	0.082835	0.024988	0.080093	0.815303
1.153229	0.133385	0.020566	0.082106	3.668347	0.084619	0.022440	0.024805	0.811624
1.151254	0.090877	0.021146	0.084639	3.669176	0.088105	0.031158	0.059564	0.808276
1.149784	0.086189	0.021413	0.083518	3.679958	0.087222	0.036074	0.095152	0.807841
1.152478	0.141387	0.017208	0.080749	3.689758	0.083174	0.024155	0.077695	0.810798
