#header text header text texty text text
1.073947	0.064528	0.015357	0.015427	3.729531	0.064131	0.024746	0.044456	0.679045
1.072885	0.066774	0.015359	0.011780	3.742080	0.064347	0.020906	0.037673	0.679085
1.074605	0.046626	0.011521	0.009787	3.734099	0.064057	0.021897	0.055258	0.681689
1.072880	0.050133	0.015045	0.012975	3.734135	0.064204	0.029734	0.057820	0.678368
1.074890	0.064547	0.014817	0.014070	3.738784	0.064366	0.024432	0.040536	0.681690
1.073187	0.068600	0.015533	0.010381	3.735931	0.065011	0.020633	0.040787	0.680212
1.074331	0.051102	0.011903	0.010155	3.732506	0.063993	0.021975	0.057893	0.680244
1.072972	0.041971	0.015474	0.014540	3.730293	0.064459	0.029568	0.056102	0.677165
1.074497	0.063859	0.015254	0.015802	3.732141	0.064862	0.024168	0.047686	0.678789
1.072294	0.060319	0.016341	0.012130	3.736092	0.065008	0.021090	0.036222	0.676977
1.074370	0.048774	0.012469	0.010785	3.741405	0.064665	0.022044	0.058754	0.677444
1.072827	0.055540	0.015428	0.014432	3.724584	0.064216	0.029901	0.045833	0.677898
1.074309	0.071588	0.015926	0.015272	3.738484	0.064622	0.024423	0.040979	0.678572
1.072581	0.064891	0.015688	0.011502	3.735553	0.064501	0.020539	0.037212	0.678227
1.074279	0.055259	0.011814	0.009800	3.723914	0.064258	0.022560	0.058599	0.680412
1.072760	0.051013	0.014723	0.014545	3.726740	0.064610	0.029610	0.058230	0.680242
1.074329	0.071141	0.015190	0.015291	3.735044	0.064623	0.024119	0.040314	0.680939
1.072798	0.063364	0.015236	0.011557	3.725490	0.064993	0.020486	0.034248	0.679812
1.073797	0.054251	0.011931	0.011015	3.735680	0.064833	0.022475	0.063041	0.679858
1.072621	0.050469	0.015701	0.014383	3.731368	0.065042	0.029749	0.057197	0.677825
1.074154	0.067022	0.015701	0.014595	3.725870	0.065223	0.023955	0.046245	0.678847
1.072044	0.060013	0.016236	0.010961	3.744845	0.064891	0.020549	0.034209	0.679630
1.074000	0.046640	0.012545	0.010126	3.732721	0.064761	0.022734	0.060481	0.678271
1.072612	0.044497	0.015412	0.015656	3.734395	0.064672	0.029985	0.061335	0.679047
1.073674	0.061982	0.015659	0.016072	3.735419	0.065133	0.024025	0.043270	0.679146
1.072287	0.050436	0.015552	0.012793	3.724159	0.064898	0.020371	0.035851	0.678148
1.074132	0.042409	0.012259	0.012043	3.734659	0.064512	0.022846	0.054893	0.679904
1.072511	0.041414	0.015312	0.015430	3.720443	0.064918	0.029669	0.060035	0.679345
1.073502	0.064079	0.015418	0.015271	3.735374	0.065081	0.024084	0.042044	0.681779
1.072580	0.060388	0.014780	0.010521	3.737111	0.065090	0.020101	0.033624	0.680882
1.073400	0.048474	0.012035	0.010187	3.725658	0.064704	0.023280	0.061220	0.681561
1.072248	0.053131	0.015462	0.014484	3.727406	0.064909	0.029644	0.059083	0.680284
1.073806	0.066335	0.015770	0.015205	3.728198	0.065434	0.023907	0.049703	0.679111
1.072121	0.067647	0.015493	0.011535	3.738915	0.065621	0.020468	0.045503	0.678203
1.073184	0.051443	0.012354	0.011985	3.730637	0.064593	0.023341	0.062248	0.679344
1.072318	0.052550	0.015862	0.015956	3.732702	0.064885	0.029966	0.054126	0.678860
1.073083	0.067972	0.015692	0.015279	3.722726	0.065278	0.023840	0.039571	0.678833
1.071669	0.052723	0.015635	0.011564	3.723501	0.064741	0.020243	0.033531	0.678803
1.073393	0.043553	0.012635	0.010476	3.732664	0.064442	0.023526	0.050931	0.679304
1.072100	0.065010	0.015132	0.015772	3.727417	0.065068	0.029485	0.052539	0.680214
1.072760	0.072625	0.015847	0.015681	3.729158	0.064937	0.023996	0.039398	0.679847
1.072098	0.056584	0.014593	0.011962	3.730141	0.064950	0.020301	0.041782	0.680333
1.072854	0.042358	0.012139	0.012351	3.728681	0.065010	0.023698	0.060588	0.681757
1.071905	0.060123	0.015081	0.016102	3.729234	0.064999	0.029223	0.057023	0.681240
1.072456	0.066155	0.015469	0.015199	3.731447	0.065128	0.023460	0.041094	0.681498
1.072041	0.057965	0.014694	0.010806	3.729720	0.065477	0.020134	0.044382	0.680498
1.072560	0.042834	0.012626	0.010533	3.718577	0.065218	0.024189	0.057451	0.679680
1.071972	0.054183	0.015918	0.014638	3.727350	0.065581	0.029153	0.057504	0.678498
1.072802	0.074500	0.015860	0.014451	3.731716	0.065423	0.023333	0.031238	0.679940
1.071120	0.070912	0.015131	0.011017	3.728959	0.065206	0.020431	0.045478	0.679605
1.072598	0.046849	0.012808	0.012109	3.725899	0.065077	0.024138	0.062379	0.678678
1.071748	0.048025	0.015764	0.016685	3.733445	0.064944	0.029505	0.057277	0.679454
1.072221	0.067047	0.015943	0.015654	3.718647	0.065438	0.023399	0.044721	0.679994
1.071728	0.059605	0.014657	0.012373	3.728474	0.065091	0.020236	0.042190	0.679465
1.072772	0.047067	0.012407	0.011763	3.730795	0.065160	0.024359	0.060688	0.681034
1.072025	0.057602	0.015124	0.015671	3.724431	0.065233	0.029156	0.051110	0.680456
1.072428	0.068353	0.015995	0.014976	3.733900	0.065440	0.023232	0.040431	0.681161
1.072251	0.062533	0.013910	0.010893	3.734813	0.065450	0.020113	0.040243	0.681729
1.072688	0.038495	0.012523	0.012039	3.723772	0.065033	0.025010	0.060010	0.681322
1.071721	0.055252	0.015133	0.016189	3.732551	0.065376	0.028923	0.058468	0.680596
1.072808	0.071375	0.015666	0.015302	3.729555	0.065670	0.023061	0.038341	0.682385
1.072239	0.061804	0.014798	0.011663	3.730179	0.066017	0.020053	0.039564	0.678969
1.072151	0.046776	0.012868	0.012083	3.732387	0.065319	0.025562	0.062049	0.680563
1.071791	0.050312	0.015551	0.015560	3.723768	0.065369	0.028928	0.058646	0.680692
1.072555	0.070434	0.015954	0.014052	3.730405	0.065631	0.022833	0.037022	0.680947
1.071524	0.056946	0.014600	0.010586	3.731673	0.065261	0.019986	0.044636	0.680718
1.072138	0.045005	0.013126	0.011770	3.724015	0.064861	0.025493	0.057214	0.679113
1.071915	0.055986	0.015821	0.016561	3.734946	0.065683	0.029003	0.061438	0.679293
1.071951	0.065435	0.016065	0.015539	3.725353	0.065404	0.022909	0.034699	0.679469
1.071325	0.056772	0.014067	0.012303	3.727326	0.065608	0.019897	0.043549	0.681155
1.072208	0.039172	0.013052	0.012782	3.728408	0.065042	0.025575	0.051927	0.680394
1.071866	0.047589	0.015352	0.016768	3.731596	0.065336	0.028772	0.069918	0.680976
1.071690	0.067609	0.015980	0.015020	3.726631	0.065434	0.023017	0.042532	0.681444
1.071927	0.057544	0.013401	0.011190	3.734483	0.065442	0.019670	0.047184	0.682379
1.072076	0.051136	0.012919	0.012076	3.730176	0.065527	0.025880	0.064062	0.681964
1.071993	0.061270	0.014801	0.016453	3.724521	0.065408	0.028746	0.053947	0.682558
1.071738	0.074625	0.016166	0.015263	3.728127	0.065685	0.022809	0.032831	0.681982
1.071914	0.058216	0.013737	0.011744	3.723943	0.065621	0.019809	0.047995	0.681051
1.071860	0.038000	0.013162	0.013101	3.717149	0.065633	0.026294	0.057790	0.680527
