#header text header text texty text text
0.250254	0.000500	4.338634E-5	0.000337	0.161053	0.000404	0.000259	0.000360	0.149967
0.250392	0.000445	3.554804E-5	0.000355	0.161077	0.000420	0.000264	0.000416	0.149972
0.250407	0.000609	6.472043E-5	0.000340	0.161066	0.000373	0.000260	0.000344	0.149947
0.250277	0.000552	9.149559E-5	0.000372	0.161093	0.000395	0.000243	0.000348	0.149968
0.250245	0.000499	7.817825E-5	0.000358	0.161081	0.000385	0.000236	0.000400	0.149959
0.250233	0.000530	0.000101	0.000332	0.161086	0.000400	0.000237	0.000379	0.149932
0.250211	0.000531	5.726880E-5	0.000486	0.161088	0.000432	0.000262	0.000343	0.149954
0.250218	0.000568	3.001191E-5	0.000313	0.161083	0.000379	0.000250	0.000543	0.149966
0.250144	0.000596	4.522725E-5	0.000377	0.161108	0.000367	0.000259	0.000349	0.149943
0.250340	0.000464	0.000104	0.000374	0.161107	0.000385	0.000265	0.000393	0.149929
0.250375	0.000469	7.875466E-5	0.000330	0.161092	0.000365	0.000239	0.000380	0.149942
0.250301	0.000473	0.000114	0.000411	0.161097	0.000407	0.000259	0.000342	0.149956
0.250184	0.000483	7.559064E-5	0.000307	0.161090	0.000398	0.000257	0.000577	0.150005
0.250234	0.000655	9.313144E-5	0.000353	0.161074	0.000364	0.000252	0.000343	0.149969
0.250288	0.000496	8.151345E-5	0.000381	0.161109	0.000387	0.000287	0.000382	0.149968
0.250249	0.000521	0.000133	0.000351	0.161086	0.000401	0.000255	0.000395	0.149941
0.250224	0.000563	8.878790E-5	0.000303	0.161078	0.000400	0.000252	0.000348	0.149933
0.250192	0.000536	9.633914E-5	0.000408	0.161097	0.000426	0.000243	0.000455	0.149944
0.250233	0.000598	4.229145E-5	0.000353	0.161107	0.000380	0.000234	0.000377	0.149961
0.250229	0.000496	5.625618E-5	0.000391	0.161086	0.000360	0.000283	0.000355	0.149949
0.250338	0.000455	4.192867E-5	0.000379	0.161078	0.000360	0.000290	0.000400	0.149932
0.250297	0.000473	0.000104	0.000331	0.161099	0.000391	0.000233	0.000374	0.149938
0.250249	0.000437	9.971718E-5	0.000392	0.161088	0.000416	0.000262	0.000343	0.149942
0.250229	0.000577	0.000108	0.000313	0.161098	0.000414	0.000237	0.000409	0.149937
0.250350	0.000571	3.524617E-5	0.000393	0.161104	0.000376	0.000276	0.000343	0.149944
0.250266	0.000518	9.298483E-5	0.000395	0.161104	0.000371	0.000268	0.000391	0.149922
0.250201	0.000479	6.392497E-5	0.000345	0.161085	0.000390	0.000263	0.000379	0.149943
0.250248	0.000466	4.430714E-5	0.000325	0.161093	0.000408	0.000258	0.000349	0.149961
0.250335	0.000477	9.660883E-5	0.000309	0.161085	0.000388	0.000232	0.000547	0.149938
0.250213	0.000684	4.358632E-5	0.000354	0.161098	0.000379	0.000243	0.000351	0.149952
0.250194	0.000460	2.166571E-5	0.000384	0.161070	0.000384	0.000272	0.000370	0.149958
0.250321	0.000472	8.607691E-5	0.000358	0.161108	0.000378	0.000255	0.000397	0.149962
0.250239	0.000489	8.197355E-5	0.000325	0.161098	0.000423	0.000261	0.000350	0.149937
0.250211	0.000499	3.863285E-5	0.000396	0.161078	0.000420	0.000273	0.000389	0.149951
0.250266	0.000569	0.000132	0.000330	0.161092	0.000385	0.000245	0.000354	0.149965
0.250214	0.000528	5.226865E-5	0.000384	0.161092	0.000381	0.000260	0.000361	0.149920
0.250374	0.000455	7.596659E-5	0.000385	0.161095	0.000358	0.000251	0.000398	0.149953
0.250254	0.000536	6.270322E-5	0.000333	0.161095	0.000421	0.000234	0.000361	0.149962
0.250372	0.000482	0.000104	0.000489	0.161115	0.000416	0.000250	0.000366	0.149942
0.250257	0.000486	3.266807E-5	0.000306	0.161068	0.000389	0.000258	0.000448	0.149939
0.250266	0.000671	8.575393E-5	0.000361	0.161077	0.000372	0.000249	0.000323	0.149944
0.250270	0.000429	4.965284E-5	0.000383	0.161097	0.000370	0.000269	0.000406	0.149925
0.250262	0.000539	8.439517E-5	0.000334	0.161110	0.000404	0.000237	0.000383	0.149978
0.250306	0.000421	4.649548E-5	0.000352	0.161083	0.000381	0.000254	0.000333	0.149937
0.250288	0.000468	8.503987E-5	0.000324	0.161100	0.000410	0.000255	0.000493	0.149950
0.250225	0.000636	4.991849E-5	0.000362	0.161099	0.000371	0.000283	0.000347	0.149942
0.250319	0.000462	5.431965E-5	0.000383	0.161085	0.000361	0.000254	0.000379	0.149944
0.250212	0.000492	4.142892E-5	0.000361	0.161093	0.000365	0.000262	0.000395	0.149935
0.250357	0.000478	4.207870E-5	0.000325	0.161109	0.000428	0.000269	0.000359	0.149938
0.250355	0.000445	5.284994E-5	0.000419	0.161079	0.000446	0.000250	0.000389	0.149962
0.250371	0.000579	5.141845E-5	0.000328	0.161106	0.000389	0.000229	0.000386	0.149948
0.250318	0.000534	8.817889E-5	0.000393	0.161101	0.000369	0.000260	0.000360	0.149963
0.250342	0.000413	7.150447E-5	0.000388	0.161098	0.000377	0.000269	0.000406	0.149983
0.250274	0.000494	0.000103	0.000345	0.161100	0.000392	0.000237	0.000374	0.149947
0.250246	0.000499	0.000117	0.000498	0.161116	0.000390	0.000266	0.000336	0.149945
0.250296	0.000519	0.000131	0.000301	0.161085	0.000393	0.000282	0.000508	0.149923
0.250214	0.000676	5.761687E-5	0.000357	0.161097	0.000376	0.000258	0.000343	0.149966
0.250296	0.000467	3.321392E-5	0.000392	0.161100	0.000381	0.000254	0.000395	0.149951
0.250238	0.000432	6.014266E-5	0.000348	0.161104	0.000423	0.000248	0.000386	0.149953
0.250238	0.000565	0.000114	0.000369	0.161091	0.000415	0.000249	0.000345	0.149957
0.250310	0.000438	3.686660E-5	0.000337	0.161065	0.000392	0.000241	0.000532	0.149934
0.250226	0.000605	8.666489E-5	0.000343	0.161111	0.000340	0.000235	0.000350	0.149962
0.250295	0.000501	4.443511E-5	0.000394	0.161091	0.000372	0.000276	0.000366	0.149910
0.250302	0.000439	7.919474E-5	0.000371	0.161098	0.000382	0.000238	0.000397	0.149928
0.250221	0.000504	4.920902E-5	0.000325	0.161092	0.000369	0.000230	0.000362	0.149937
0.250270	0.000496	9.655534E-5	0.000420	0.161109	0.000402	0.000226	0.000385	0.149934
0.250255	0.000525	5.437262E-5	0.000337	0.161083	0.000352	0.000249	0.000366	0.149920
0.250278	0.000575	0.000104	0.000367	0.161068	0.000369	0.000271	0.000353	0.149932
0.250171	0.000513	9.025128E-5	0.000382	0.161105	0.000384	0.000274	0.000413	0.149932
0.250102	0.000522	3.180024E-5	0.000321	0.161100	0.000387	0.000253	0.000360	0.149934
0.250329	0.000481	9.809677E-5	0.000408	0.161089	0.000412	0.000273	0.000367	0.149924
0.250258	0.000460	4.287086E-5	0.000320	0.161097	0.000411	0.000266	0.000466	0.149938
0.250178	0.000643	0.000110	0.000373	0.161124	0.000378	0.000260	0.000338	0.149937
0.250171	0.000500	9.577123E-5	0.000383	0.161122	0.000386	0.000270	0.000390	0.149937
0.250262	0.000425	7.513575E-5	0.000355	0.161099	0.000378	0.000221	0.000380	0.149938
0.250225	0.000466	3.319544E-5	0.000338	0.161112	0.000430	0.000266	0.000341	0.149934
0.250181	0.000494	5.160792E-5	0.000371	0.161088	0.000403	0.000239	0.000581	0.149924
0.250205	0.000542	8.469013E-5	0.000332	0.161119	0.000378	0.000242	0.000316	0.149932
0.250228	0.000465	3.339538E-5	0.000400	0.161101	0.000374	0.000245	0.000374	0.149973
