#header text header text texty text text
0.760888	0.065779	0.016643	0.025010	3.574407	0.140435	0.017511	0.118885	0.788531
0.761581	0.048903	0.017359	0.028063	3.577560	0.142529	0.018718	0.143218	0.789781
0.760804	0.059567	0.015174	0.030846	3.585921	0.141498	0.019923	0.127311	0.790316
0.761790	0.073548	0.013995	0.027260	3.573561	0.141619	0.013858	0.125761	0.791313
0.760861	0.054917	0.018940	0.024033	3.586542	0.143312	0.017212	0.107636	0.790758
0.761788	0.048034	0.017781	0.028270	3.581808	0.145418	0.018452	0.142918	0.789073
0.760276	0.038015	0.016917	0.031169	3.572209	0.145170	0.020050	0.144669	0.789872
0.761754	0.057815	0.012907	0.028327	3.582840	0.143340	0.013688	0.126546	0.790058
0.760667	0.047549	0.020485	0.025488	3.576503	0.145111	0.017292	0.111893	0.789614
0.760540	0.042612	0.016430	0.028661	3.579213	0.144351	0.018528	0.139684	0.791177
0.759980	0.044453	0.016039	0.031092	3.579754	0.143657	0.020080	0.140858	0.793378
0.761253	0.068574	0.011082	0.027196	3.572917	0.140866	0.013547	0.121569	0.796027
0.760070	0.054448	0.017606	0.024030	3.586688	0.143115	0.017523	0.108327	0.793757
0.760486	0.030427	0.017724	0.027769	3.570157	0.144362	0.018669	0.138836	0.795225
0.759966	0.055493	0.014483	0.030861	3.584992	0.144021	0.019557	0.136420	0.793597
0.760611	0.059784	0.014179	0.027555	3.576087	0.143513	0.013737	0.121604	0.794968
0.759809	0.055643	0.020751	0.024979	3.587932	0.145351	0.017598	0.118693	0.792878
0.760526	0.032644	0.017916	0.028730	3.567944	0.146743	0.018597	0.139192	0.792397
0.759155	0.057968	0.016657	0.030962	3.585546	0.145392	0.019754	0.134584	0.792936
0.760740	0.059089	0.013181	0.026969	3.578433	0.143813	0.013515	0.119704	0.793665
0.759745	0.053459	0.020065	0.024341	3.594633	0.145669	0.017598	0.118582	0.793388
0.759208	0.041526	0.016670	0.028397	3.568915	0.144929	0.018766	0.144638	0.795737
0.759418	0.042734	0.015615	0.031002	3.581301	0.144406	0.019794	0.151105	0.797519
0.760197	0.065493	0.012310	0.027084	3.580607	0.141696	0.013374	0.117409	0.799642
0.759244	0.054784	0.018595	0.024939	3.591205	0.144096	0.017687	0.116980	0.796607
0.759702	0.032288	0.018820	0.028525	3.568111	0.146364	0.018968	0.139769	0.796511
0.759217	0.051484	0.014908	0.030910	3.579700	0.144847	0.019168	0.137061	0.795907
0.759738	0.055372	0.014587	0.026742	3.578078	0.144977	0.013533	0.122392	0.795762
0.759522	0.047738	0.021038	0.023944	3.572663	0.146794	0.017876	0.107460	0.794660
0.759320	0.042373	0.016681	0.028483	3.578310	0.146766	0.018763	0.147828	0.794324
0.758916	0.044841	0.015742	0.030732	3.573094	0.145542	0.019732	0.143168	0.797029
0.760067	0.062606	0.012532	0.026687	3.577503	0.143207	0.013207	0.125739	0.799089
0.759238	0.047791	0.018163	0.025292	3.589481	0.144096	0.017870	0.113123	0.798436
0.758964	0.045546	0.017732	0.029034	3.566145	0.145407	0.019117	0.146598	0.799462
0.759396	0.055083	0.014669	0.031236	3.581054	0.144651	0.019240	0.131712	0.799725
0.759456	0.073276	0.014336	0.026622	3.574555	0.144194	0.013436	0.122578	0.799651
0.759104	0.048807	0.019618	0.023801	3.591858	0.146173	0.017632	0.112055	0.797211
0.759612	0.030446	0.018452	0.028268	3.564894	0.148107	0.018788	0.150409	0.796171
0.758937	0.051063	0.015226	0.030451	3.583637	0.146066	0.019236	0.138444	0.797519
0.759665	0.062944	0.013583	0.026376	3.580750	0.144690	0.013183	0.119305	0.798646
0.759523	0.051467	0.019474	0.025106	3.585605	0.146027	0.018097	0.116851	0.798332
0.758487	0.044726	0.015969	0.029284	3.572842	0.144925	0.019265	0.141141	0.799834
0.759382	0.055100	0.014694	0.031656	3.568572	0.144586	0.019338	0.135762	0.801526
0.759335	0.070724	0.012793	0.026890	3.582768	0.143469	0.013348	0.129922	0.802241
0.759118	0.053230	0.018644	0.024260	3.574440	0.146185	0.017993	0.123105	0.798700
0.759098	0.031945	0.018792	0.028392	3.575190	0.147949	0.019101	0.142715	0.798301
0.759073	0.057141	0.015031	0.030022	3.574980	0.146549	0.018539	0.134917	0.798897
0.758948	0.066494	0.014846	0.026016	3.573930	0.146078	0.013731	0.127361	0.798164
0.759442	0.046542	0.020400	0.024591	3.579200	0.147548	0.017835	0.114160	0.798225
0.758400	0.045567	0.016037	0.029338	3.561695	0.146717	0.019067	0.145981	0.798509
0.759052	0.048211	0.014052	0.031063	3.579815	0.145191	0.018980	0.139811	0.801155
0.759408	0.064115	0.012752	0.026808	3.579163	0.143529	0.013476	0.123475	0.801860
0.759222	0.057970	0.018522	0.025091	3.593444	0.146029	0.018106	0.125621	0.801189
0.758237	0.035863	0.016915	0.028827	3.574309	0.146198	0.019144	0.150412	0.801138
0.759346	0.054939	0.015488	0.030193	3.579991	0.145527	0.018590	0.135221	0.801757
0.758862	0.058120	0.015549	0.025354	3.589731	0.145461	0.013703	0.111186	0.801074
0.759014	0.048826	0.019438	0.024440	3.579917	0.147701	0.017991	0.122926	0.799322
0.758902	0.036871	0.019305	0.029057	3.580340	0.149270	0.019015	0.151354	0.797689
0.758700	0.055802	0.014685	0.030715	3.576955	0.146739	0.018274	0.133430	0.800395
0.758809	0.058778	0.014088	0.026506	3.578493	0.145664	0.013737	0.119289	0.800217
0.759321	0.045113	0.019525	0.025390	3.583602	0.147255	0.018205	0.121038	0.800525
0.757748	0.038301	0.016426	0.029444	3.569301	0.146313	0.019326	0.151496	0.800983
0.759080	0.050996	0.014266	0.030376	3.572820	0.145164	0.018509	0.144477	0.803591
0.758802	0.063320	0.014025	0.025143	3.580444	0.143970	0.013632	0.117354	0.803903
0.759256	0.047924	0.018543	0.024438	3.587725	0.146671	0.018043	0.124815	0.801605
0.758268	0.028787	0.018433	0.028916	3.577082	0.147406	0.019310	0.142568	0.800738
0.759201	0.058384	0.014922	0.030631	3.573928	0.147268	0.017836	0.140396	0.801510
0.758256	0.062036	0.015408	0.026231	3.584485	0.146887	0.013941	0.118204	0.800106
0.758981	0.051399	0.019479	0.025136	3.573783	0.148638	0.018186	0.127338	0.800031
0.758184	0.038647	0.017556	0.029237	3.576081	0.148543	0.019248	0.145571	0.799170
0.758835	0.042606	0.013443	0.030209	3.587245	0.146225	0.017816	0.146194	0.803312
0.758469	0.063475	0.013921	0.025183	3.570468	0.145160	0.013682	0.128026	0.803842
0.759142	0.050560	0.019157	0.025044	3.581975	0.146576	0.018428	0.124839	0.803793
0.757470	0.038354	0.016210	0.029404	3.574545	0.146510	0.019551	0.148347	0.803505
0.759307	0.064459	0.014419	0.030483	3.582539	0.145579	0.017801	0.133349	0.804916
0.758135	0.072538	0.016253	0.025841	3.579918	0.145615	0.014125	0.120086	0.803963
0.758937	0.046639	0.018784	0.025258	3.573651	0.147858	0.018315	0.127029	0.802090
0.758192	0.041497	0.018234	0.029388	3.581041	0.148841	0.019357	0.145072	0.801013
0.759044	0.059926	0.013886	0.030294	3.572891	0.147222	0.017260	0.133739	0.801729
