#header text header text texty text text
0.762535	0.060783	0.011495	0.029814	3.582046	0.142416	0.016014	0.134754	0.793902
0.760760	0.061336	0.015610	0.025670	3.584376	0.142279	0.014839	0.106682	0.794025
0.762267	0.056565	0.019137	0.026599	3.570698	0.145158	0.018594	0.133691	0.795598
0.760532	0.044856	0.015156	0.030538	3.579336	0.143408	0.020060	0.146305	0.796045
0.762091	0.064352	0.012837	0.029475	3.567282	0.142332	0.015916	0.135096	0.799521
0.760269	0.057348	0.016158	0.024182	3.576244	0.142728	0.014959	0.118182	0.797740
0.762218	0.044445	0.018330	0.026077	3.583807	0.145218	0.018491	0.126887	0.796812
0.759641	0.043194	0.018152	0.030380	3.579405	0.146115	0.020327	0.141503	0.795354
0.761967	0.066867	0.014191	0.029740	3.581181	0.144983	0.015934	0.127498	0.797158
0.760302	0.063069	0.019171	0.025484	3.582584	0.145720	0.014988	0.117039	0.795292
0.761359	0.041842	0.019460	0.027002	3.574666	0.147667	0.018358	0.133598	0.795987
0.759528	0.047316	0.017648	0.030790	3.583187	0.146871	0.020509	0.144235	0.795009
0.761469	0.061329	0.011334	0.029489	3.581036	0.143488	0.015262	0.126015	0.799610
0.759796	0.068792	0.015614	0.024402	3.577862	0.144033	0.015752	0.114680	0.798415
0.761374	0.046831	0.017731	0.025826	3.572271	0.145908	0.018511	0.133059	0.798976
0.759506	0.036724	0.014930	0.029922	3.577185	0.144687	0.020374	0.142518	0.799633
0.761457	0.064372	0.011701	0.028752	3.582177	0.142926	0.015460	0.127141	0.802599
0.759535	0.062986	0.016399	0.024354	3.583878	0.143488	0.015355	0.117638	0.801888
0.761434	0.045985	0.018794	0.026690	3.572271	0.146672	0.018469	0.133851	0.800610
0.758953	0.040678	0.016315	0.030832	3.575105	0.145539	0.020109	0.140184	0.800802
0.761217	0.066027	0.013359	0.029530	3.582307	0.145274	0.015606	0.131385	0.802486
0.759817	0.059565	0.018415	0.024261	3.591791	0.146065	0.015492	0.106602	0.800931
0.760793	0.044962	0.018723	0.026742	3.564665	0.148214	0.017971	0.136323	0.799124
0.758505	0.047400	0.018595	0.030359	3.573003	0.148081	0.020612	0.133229	0.798307
0.761125	0.076749	0.013370	0.028786	3.571550	0.146497	0.014960	0.129072	0.800933
0.759378	0.062546	0.018140	0.024630	3.583643	0.145903	0.015891	0.109622	0.799730
0.760155	0.040765	0.018313	0.026778	3.573525	0.147825	0.018236	0.135541	0.800976
0.759157	0.044232	0.015548	0.030938	3.580404	0.146018	0.020537	0.144810	0.802064
0.760721	0.061840	0.011622	0.029082	3.575213	0.144425	0.014905	0.144493	0.806121
0.758939	0.066027	0.016164	0.024387	3.577808	0.144632	0.015881	0.118891	0.803916
0.760701	0.040351	0.018252	0.026298	3.574981	0.147016	0.018465	0.137300	0.804252
0.758410	0.042208	0.015904	0.030073	3.575436	0.146499	0.020086	0.142092	0.803442
0.760302	0.070993	0.013999	0.028465	3.568004	0.146453	0.015049	0.128949	0.804731
0.759119	0.051836	0.019592	0.024026	3.580503	0.147500	0.015810	0.111124	0.803269
0.760203	0.041531	0.018930	0.027494	3.576179	0.149608	0.017973	0.131565	0.801160
0.758319	0.040879	0.018807	0.030777	3.570650	0.149385	0.020458	0.151237	0.801146
0.760780	0.063022	0.012619	0.029309	3.577078	0.147030	0.014618	0.128767	0.802826
0.758890	0.060586	0.017469	0.025010	3.576493	0.147329	0.016147	0.124044	0.802706
0.759745	0.047095	0.017747	0.026931	3.564670	0.148179	0.018360	0.138008	0.803041
0.758886	0.043151	0.016693	0.030568	3.572133	0.147563	0.020364	0.144140	0.803819
0.760222	0.067790	0.011119	0.027902	3.571200	0.144426	0.014292	0.133541	0.807408
0.758578	0.063799	0.016042	0.023496	3.570731	0.145193	0.016492	0.122150	0.806366
0.760357	0.045144	0.018107	0.026648	3.577723	0.147359	0.018427	0.136320	0.806283
0.758266	0.035417	0.015789	0.030311	3.576467	0.146854	0.020059	0.144766	0.805124
0.760344	0.063160	0.013557	0.028605	3.579073	0.146694	0.014564	0.134500	0.806759
0.759118	0.051370	0.019384	0.024665	3.592769	0.147625	0.016264	0.105700	0.804900
0.760252	0.038290	0.018717	0.027691	3.570265	0.149760	0.018319	0.140832	0.803402
0.758026	0.047846	0.018290	0.030750	3.583092	0.149269	0.020352	0.139866	0.802525
0.760012	0.067409	0.013444	0.028064	3.573210	0.147593	0.014011	0.126978	0.804848
0.758619	0.057364	0.018809	0.023948	3.581649	0.147834	0.016797	0.111452	0.804557
0.759400	0.042064	0.017305	0.027082	3.575837	0.148686	0.018493	0.139165	0.805631
0.758658	0.049828	0.015676	0.030604	3.570932	0.147222	0.020336	0.139988	0.805368
0.760085	0.056238	0.011560	0.028009	3.576144	0.144993	0.013965	0.131910	0.808933
0.758365	0.059489	0.017199	0.024364	3.577777	0.145800	0.016911	0.119849	0.807277
0.759979	0.045361	0.018378	0.027307	3.571940	0.148468	0.018802	0.152107	0.807311
0.757990	0.040340	0.016207	0.030542	3.565911	0.147442	0.019882	0.145284	0.806571
0.759610	0.072613	0.013573	0.027807	3.573655	0.147353	0.014167	0.125631	0.806836
0.758647	0.062315	0.019757	0.023462	3.582884	0.148827	0.016876	0.116640	0.805145
0.759251	0.042879	0.018162	0.027381	3.569746	0.150043	0.018479	0.143251	0.804552
0.758066	0.047271	0.017275	0.030501	3.577474	0.149331	0.020467	0.143265	0.803991
0.759842	0.052502	0.012532	0.027848	3.570621	0.146687	0.013460	0.123309	0.807267
0.758246	0.062558	0.017676	0.024738	3.574602	0.147308	0.017192	0.122026	0.807520
0.759086	0.040066	0.017647	0.027661	3.575410	0.148351	0.018737	0.148814	0.808798
0.758496	0.053038	0.015204	0.031065	3.576944	0.147061	0.020277	0.141710	0.807923
0.759582	0.063674	0.012686	0.027401	3.581992	0.145665	0.013797	0.129358	0.809795
0.758256	0.055785	0.018246	0.023138	3.580948	0.146916	0.016805	0.116892	0.807810
0.759472	0.039433	0.018527	0.027072	3.570609	0.149564	0.018605	0.141027	0.805977
0.757967	0.038991	0.016561	0.030131	3.580967	0.149217	0.019960	0.146372	0.806350
0.759509	0.063318	0.014116	0.027420	3.571157	0.148799	0.013645	0.123764	0.806609
0.758665	0.056929	0.020902	0.024680	3.589651	0.149913	0.017098	0.115417	0.805495
0.758601	0.038666	0.017578	0.028292	3.567966	0.150020	0.018646	0.149761	0.806068
0.758158	0.048608	0.017511	0.031271	3.575913	0.149332	0.020303	0.145573	0.807835
0.759431	0.070225	0.012141	0.027560	3.578156	0.146307	0.013353	0.123555	0.810135
0.757984	0.055560	0.017457	0.023436	3.572187	0.147028	0.017247	0.121561	0.809267
0.758787	0.039676	0.018065	0.027229	3.572309	0.148495	0.018696	0.135480	0.810102
0.758072	0.048016	0.016031	0.030073	3.580067	0.148122	0.019744	0.146387	0.809129
0.758877	0.063036	0.013796	0.026719	3.567905	0.147446	0.013734	0.132154	0.809647
0.758271	0.055415	0.020062	0.023925	3.578863	0.149313	0.017236	0.115926	0.807599
0.758884	0.031383	0.018526	0.028417	3.571543	0.150680	0.018501	0.132403	0.806059
