#header text header text texty text text
0.800661	0.068269	0.014194	0.031861	3.595156	0.140582	0.017457	0.130665	0.778819
0.798111	0.066551	0.016651	0.027558	3.599071	0.139474	0.015353	0.110555	0.778432
0.797038	0.057248	0.018125	0.027692	3.603054	0.140659	0.019020	0.119792	0.780198
0.794839	0.036880	0.017598	0.031083	3.599564	0.141775	0.021213	0.145366	0.779467
0.796171	0.063414	0.011835	0.030350	3.599328	0.138190	0.017545	0.129943	0.785280
0.795941	0.070930	0.014210	0.025625	3.603559	0.138175	0.014710	0.107968	0.784844
0.799543	0.050115	0.017637	0.028001	3.600027	0.140087	0.019565	0.124373	0.785080
0.796987	0.042608	0.015975	0.031647	3.604778	0.139301	0.021296	0.138768	0.786155
0.797484	0.057393	0.013659	0.031188	3.595169	0.139850	0.017645	0.134336	0.787413
0.795206	0.071593	0.016616	0.026872	3.596915	0.140617	0.015246	0.115296	0.786808
0.796658	0.049220	0.019398	0.027801	3.597719	0.142734	0.019295	0.123316	0.784481
0.795389	0.041754	0.017919	0.031093	3.593388	0.143052	0.021095	0.140660	0.784202
0.796346	0.066160	0.013576	0.030181	3.601407	0.141424	0.017059	0.126471	0.786072
0.794578	0.071250	0.015224	0.025504	3.605155	0.140207	0.015349	0.111084	0.786920
0.795985	0.046336	0.018237	0.026987	3.606091	0.142127	0.019140	0.126207	0.788647
0.792886	0.034377	0.015666	0.030830	3.588113	0.141404	0.021305	0.150160	0.788463
0.794292	0.059814	0.012245	0.030198	3.605715	0.139633	0.017149	0.133189	0.791716
0.794861	0.070481	0.016123	0.026427	3.598122	0.139791	0.015534	0.108453	0.790650
0.794161	0.048412	0.018391	0.027586	3.596576	0.142869	0.019169	0.126600	0.787929
0.792607	0.044967	0.017637	0.031108	3.602189	0.143051	0.021318	0.138525	0.787588
0.794591	0.062649	0.013973	0.030085	3.593177	0.142766	0.016592	0.127292	0.788220
0.792761	0.077095	0.017298	0.025278	3.610156	0.142543	0.015577	0.112396	0.786816
0.794325	0.041723	0.017869	0.026479	3.590686	0.143276	0.019190	0.127971	0.789759
0.791769	0.046937	0.015931	0.030673	3.596835	0.142351	0.021515	0.135803	0.789779
0.793126	0.069602	0.012646	0.029522	3.592547	0.140314	0.016737	0.133274	0.794397
0.791606	0.065495	0.015466	0.025555	3.615030	0.139782	0.015481	0.110079	0.793518
0.799421	0.047938	0.018659	0.029275	3.596661	0.142861	0.019538	0.131408	0.792192
0.795089	0.042628	0.017038	0.031693	3.608350	0.143680	0.021434	0.146617	0.790788
0.795902	0.065495	0.013841	0.030344	3.596668	0.143377	0.016255	0.127221	0.790907
0.791964	0.069685	0.019182	0.025223	3.606622	0.144187	0.015932	0.118004	0.789525
0.793107	0.050051	0.017767	0.026516	3.595739	0.144785	0.019147	0.135247	0.792195
0.790524	0.040706	0.017073	0.030333	3.601861	0.144749	0.021515	0.148617	0.791896
0.792627	0.064165	0.011755	0.029041	3.598561	0.140823	0.016230	0.127393	0.796741
0.792129	0.059940	0.015464	0.025004	3.602723	0.141137	0.015641	0.113188	0.795850
0.793459	0.045806	0.018221	0.027854	3.593827	0.143454	0.019177	0.129131	0.795636
0.791798	0.044510	0.016608	0.031518	3.597440	0.143798	0.021599	0.140703	0.794995
0.794610	0.064978	0.013434	0.030004	3.596931	0.144056	0.015964	0.123277	0.794807
0.792030	0.061155	0.019089	0.025297	3.609551	0.144527	0.016297	0.107840	0.793220
0.794140	0.053923	0.017481	0.027395	3.595651	0.145871	0.019147	0.136687	0.794510
0.792293	0.045870	0.017357	0.031064	3.596641	0.145132	0.021642	0.141843	0.794702
0.793507	0.062854	0.012182	0.028993	3.584186	0.142454	0.016023	0.128867	0.798852
0.791717	0.064907	0.015864	0.024610	3.603540	0.142484	0.015781	0.111245	0.798190
0.793137	0.044863	0.018158	0.027893	3.598658	0.144468	0.018949	0.129097	0.798698
0.791375	0.043430	0.017335	0.031530	3.590749	0.144966	0.021539	0.138251	0.797346
0.793729	0.078397	0.013047	0.030091	3.602594	0.144611	0.015887	0.124577	0.797622
0.791680	0.064934	0.018821	0.025389	3.601863	0.145323	0.016777	0.111452	0.796688
0.793381	0.043595	0.018041	0.027260	3.595001	0.146544	0.019063	0.134989	0.795838
0.792335	0.047213	0.017479	0.030766	3.599258	0.145971	0.021492	0.149290	0.796001
0.794140	0.059981	0.012194	0.028745	3.592561	0.143879	0.015588	0.135986	0.799119
0.793428	0.056369	0.016237	0.024228	3.592924	0.143176	0.016605	0.109622	0.798681
0.794353	0.053697	0.017187	0.028059	3.598288	0.144405	0.019119	0.135938	0.799999
0.792399	0.050293	0.017025	0.031909	3.590779	0.144795	0.021532	0.139673	0.799720
0.794799	0.072750	0.012305	0.029982	3.600801	0.143910	0.015639	0.128069	0.800329
0.791274	0.066745	0.018726	0.025565	3.593955	0.144776	0.016726	0.109467	0.798798
0.792393	0.047437	0.019472	0.027765	3.592577	0.147785	0.019246	0.141467	0.797206
0.791370	0.044388	0.017159	0.030949	3.595450	0.146799	0.021056	0.151289	0.797412
0.793545	0.062398	0.013508	0.028130	3.588088	0.146230	0.014956	0.134547	0.799482
0.791610	0.048766	0.017368	0.024065	3.604151	0.144611	0.016881	0.106732	0.798854
0.792912	0.043192	0.017100	0.027493	3.587970	0.145672	0.019251	0.141330	0.801047
0.791023	0.044336	0.016115	0.031251	3.604524	0.145321	0.021630	0.149341	0.800541
0.793210	0.071025	0.011780	0.029302	3.595111	0.143032	0.015218	0.127771	0.804026
0.792286	0.056882	0.017364	0.025347	3.600271	0.144232	0.016941	0.108619	0.802410
0.792962	0.045640	0.018541	0.028739	3.597368	0.146443	0.019444	0.134535	0.801497
0.791362	0.034681	0.017695	0.031376	3.594490	0.147442	0.021371	0.153820	0.801451
0.793548	0.067154	0.013123	0.028578	3.601302	0.146685	0.014566	0.133719	0.801245
0.790804	0.066479	0.019817	0.024272	3.593803	0.147256	0.017238	0.115511	0.800127
0.791843	0.048617	0.018288	0.027472	3.587697	0.148161	0.019420	0.133735	0.800415
0.791200	0.053355	0.016451	0.030935	3.598261	0.146720	0.021460	0.139570	0.801749
0.793153	0.072557	0.013150	0.028471	3.590569	0.145451	0.014699	0.126488	0.803802
0.792377	0.065816	0.017150	0.025309	3.601436	0.144879	0.017243	0.111673	0.803627
0.792888	0.044520	0.017917	0.028805	3.581064	0.145615	0.019344	0.138653	0.805039
0.791271	0.051184	0.016401	0.031835	3.592235	0.145881	0.021670	0.139385	0.803120
0.793270	0.077088	0.012974	0.028782	3.592667	0.145139	0.014815	0.125480	0.804154
0.791508	0.056750	0.019290	0.024657	3.605673	0.146265	0.017151	0.108338	0.802707
0.792625	0.030055	0.019265	0.027628	3.588917	0.149335	0.019495	0.137287	0.799894
0.791923	0.047411	0.017302	0.030837	3.605906	0.148239	0.021204	0.143837	0.801814
0.792949	0.071491	0.012597	0.028050	3.589230	0.146311	0.014335	0.134315	0.803461
0.791888	0.060010	0.018762	0.025001	3.605691	0.146593	0.017536	0.116607	0.803564
0.792993	0.046220	0.017058	0.028602	3.594811	0.146530	0.019351	0.143308	0.805557
