#header text header text texty text text
0.707353	0.061379	0.006413	0.037425	3.677431	0.017625	0.017635	0.037181	0.305586
0.709047	0.076100	0.006343	0.036943	3.664580	0.017448	0.015532	0.022287	0.306445
0.707843	0.077354	0.008292	0.036948	3.683791	0.017317	0.016346	0.017202	0.306015
0.708504	0.067760	0.007161	0.037438	3.661028	0.017763	0.015674	0.026917	0.305822
0.707803	0.068859	0.006628	0.036511	3.671162	0.017763	0.017642	0.036976	0.305548
0.709386	0.064439	0.006558	0.036406	3.670430	0.017438	0.015497	0.017837	0.306563
0.708774	0.086841	0.008103	0.037387	3.682241	0.017263	0.016300	0.014570	0.306544
0.709194	0.057575	0.006929	0.038263	3.673445	0.017662	0.015658	0.034371	0.307140
0.708037	0.050917	0.006450	0.037578	3.673766	0.017938	0.017534	0.042301	0.306566
0.709727	0.092028	0.006427	0.037095	3.670449	0.017526	0.015673	0.015201	0.307185
0.708397	0.080689	0.008313	0.037356	3.672716	0.017567	0.016490	0.018784	0.306479
0.709047	0.076962	0.007088	0.037498	3.667282	0.017884	0.015684	0.024840	0.306268
0.708269	0.060388	0.006592	0.036282	3.681910	0.017902	0.017521	0.037308	0.305979
0.709696	0.080558	0.006666	0.036444	3.666121	0.017478	0.015542	0.015876	0.307001
0.708495	0.073078	0.008138	0.037347	3.676025	0.017397	0.016299	0.013276	0.306918
0.709532	0.067826	0.006903	0.038269	3.669293	0.017778	0.015620	0.028650	0.307412
0.708335	0.076034	0.006479	0.037878	3.669163	0.017852	0.017621	0.027834	0.306856
0.710087	0.070459	0.006522	0.037106	3.668759	0.017571	0.015630	0.023252	0.307361
0.708775	0.064483	0.008352	0.037446	3.675236	0.017588	0.016589	0.015137	0.306706
0.709385	0.063983	0.007055	0.037562	3.667230	0.017856	0.015798	0.033760	0.306317
0.708852	0.066616	0.006645	0.036305	3.676143	0.017876	0.017687	0.037861	0.306153
0.710246	0.083267	0.006715	0.036334	3.665714	0.017425	0.015632	0.020404	0.307069
0.709136	0.077642	0.008014	0.037143	3.675437	0.017257	0.016227	0.011099	0.306885
0.709895	0.071308	0.006706	0.038148	3.675413	0.017728	0.015602	0.034726	0.307371
0.708821	0.072844	0.006388	0.037750	3.672747	0.017810	0.017506	0.026827	0.306907
0.710521	0.079406	0.006582	0.037402	3.666498	0.017617	0.015705	0.014944	0.307463
0.709103	0.064940	0.008283	0.037866	3.673023	0.017503	0.016609	0.018743	0.306769
0.709793	0.063587	0.006931	0.037764	3.672911	0.017842	0.015788	0.039402	0.306298
0.709169	0.052734	0.006585	0.036321	3.675722	0.017840	0.017610	0.040843	0.306156
0.710526	0.082440	0.006779	0.036395	3.664736	0.017413	0.015548	0.017952	0.307229
0.709401	0.069944	0.007976	0.037137	3.673329	0.017323	0.016329	0.016804	0.307051
0.710142	0.072556	0.006718	0.038175	3.672386	0.017845	0.015565	0.030682	0.307402
0.709461	0.069901	0.006480	0.037844	3.663501	0.017955	0.017553	0.024642	0.306885
0.710820	0.062989	0.006603	0.037382	3.664154	0.017659	0.015525	0.015308	0.307155
0.709517	0.063199	0.008352	0.037854	3.664283	0.017585	0.016721	0.016568	0.306490
0.710124	0.054292	0.006980	0.037708	3.668669	0.017819	0.015590	0.038814	0.306269
0.709790	0.081434	0.006590	0.036541	3.667802	0.017796	0.017606	0.028206	0.306245
0.710878	0.080339	0.006744	0.036231	3.675923	0.017372	0.015607	0.013712	0.307237
0.709876	0.064106	0.008002	0.036940	3.679855	0.017279	0.016333	0.023880	0.307064
0.710619	0.065484	0.006747	0.037889	3.679992	0.017907	0.015621	0.036036	0.307364
0.709701	0.075897	0.006388	0.037687	3.668226	0.017741	0.017404	0.024541	0.306974
0.711017	0.073301	0.006621	0.037534	3.667274	0.017718	0.015399	0.020867	0.307383
0.710024	0.077745	0.008263	0.038313	3.673752	0.017660	0.016509	0.018181	0.306725
0.710310	0.073548	0.006974	0.038103	3.669299	0.017910	0.015897	0.036655	0.306263
0.709983	0.060162	0.006560	0.036504	3.682449	0.017823	0.017426	0.036398	0.306323
0.711016	0.077789	0.006840	0.036394	3.666767	0.017338	0.015626	0.016752	0.307152
0.710144	0.070318	0.008032	0.036974	3.665614	0.017479	0.016176	0.017212	0.307100
0.710787	0.065213	0.006737	0.037753	3.671094	0.017765	0.015849	0.035425	0.307357
0.710133	0.071371	0.006344	0.037299	3.673556	0.017850	0.017261	0.026396	0.307004
0.711305	0.074934	0.006773	0.037594	3.667890	0.017490	0.015311	0.023090	0.307368
0.710134	0.073340	0.008299	0.038540	3.679474	0.017620	0.016668	0.020368	0.306760
0.710487	0.065191	0.006766	0.038295	3.666730	0.017810	0.016208	0.033784	0.306201
0.710176	0.058242	0.006540	0.036899	3.679629	0.017840	0.017427	0.036369	0.306247
0.711307	0.074284	0.006968	0.036603	3.669405	0.017442	0.015464	0.015692	0.306944
0.710673	0.068369	0.008056	0.036697	3.676261	0.017391	0.016203	0.013921	0.306958
0.710738	0.062804	0.006758	0.037554	3.655133	0.017846	0.016017	0.031083	0.307218
0.710368	0.070401	0.006338	0.037137	3.672949	0.017972	0.017292	0.029478	0.306957
0.711524	0.075358	0.006855	0.037432	3.666198	0.017497	0.015374	0.017171	0.307301
0.710405	0.067037	0.008301	0.038480	3.676948	0.017576	0.016385	0.021994	0.306614
0.710765	0.067944	0.006842	0.038245	3.678361	0.017808	0.016229	0.033968	0.306175
0.710700	0.064375	0.006441	0.037231	3.681104	0.017721	0.017406	0.030845	0.306332
0.711650	0.079707	0.007058	0.036848	3.673317	0.017370	0.015370	0.008699	0.306907
0.710872	0.061670	0.008056	0.036850	3.671169	0.017431	0.016314	0.021067	0.306977
0.710930	0.064464	0.006664	0.037640	3.663671	0.017924	0.016187	0.031706	0.307202
0.710910	0.070269	0.006293	0.036973	3.674590	0.017835	0.017286	0.028934	0.307012
0.711767	0.076263	0.006927	0.037328	3.678221	0.017570	0.015425	0.021715	0.307183
0.710712	0.065925	0.008200	0.038524	3.670403	0.017700	0.016421	0.019197	0.306512
0.710973	0.070765	0.006672	0.038367	3.664120	0.017780	0.016276	0.027858	0.306010
0.710993	0.075997	0.006377	0.037131	3.671994	0.017669	0.017407	0.019548	0.306419
0.711733	0.072140	0.007114	0.036985	3.672549	0.017367	0.015478	0.019397	0.307256
0.710957	0.066179	0.007962	0.037144	3.674507	0.017412	0.016281	0.024929	0.307165
0.711207	0.058951	0.006643	0.037461	3.666567	0.017979	0.016098	0.035511	0.307150
0.711254	0.067739	0.006325	0.036808	3.673498	0.017804	0.017250	0.031932	0.306944
0.711938	0.070336	0.007057	0.037152	3.673562	0.017400	0.015443	0.011047	0.307038
0.711016	0.067312	0.008205	0.038484	3.673743	0.017597	0.016333	0.022914	0.306479
0.711209	0.058794	0.006681	0.038409	3.678032	0.017867	0.016434	0.036995	0.305953
0.711247	0.071256	0.006443	0.037484	3.677992	0.017685	0.017327	0.023715	0.306424
0.711842	0.080474	0.007266	0.037366	3.663201	0.017437	0.015760	0.011816	0.306862
0.711420	0.065054	0.007918	0.037288	3.678061	0.017505	0.016065	0.030889	0.306948
