#header text header text texty text text
3.057190	0.017137	0.013584	0.012914	0.246179	0.000605	0.019639	0.000791	0.192818
3.049694	0.017065	0.013548	0.014431	0.246132	0.000711	0.021252	0.000916	0.193015
3.051890	0.017141	0.013529	0.012907	0.246149	0.000765	0.019220	0.000998	0.192856
3.058263	0.017232	0.013538	0.013293	0.246112	0.000725	0.017876	0.000836	0.193071
3.054521	0.017228	0.013511	0.011586	0.246072	0.000619	0.020077	0.000858	0.192849
3.048591	0.017106	0.013519	0.011708	0.246013	0.000653	0.019949	0.000809	0.193092
3.053129	0.017096	0.013525	0.011416	0.246093	0.000706	0.018250	0.000842	0.192920
3.057055	0.017152	0.013573	0.012717	0.245988	0.000677	0.018948	0.001086	0.193045
3.050938	0.017183	0.013502	0.012558	0.245972	0.000769	0.019758	0.000830	0.192831
3.049163	0.017193	0.013492	0.013715	0.245928	0.000703	0.020200	0.000812	0.193098
3.052057	0.017103	0.013489	0.011446	0.245926	0.000678	0.017907	0.000840	0.192864
3.055145	0.017104	0.013568	0.012317	0.245896	0.000691	0.019103	0.000832	0.192996
3.048597	0.017121	0.013494	0.012205	0.245953	0.000757	0.020215	0.000956	0.192818
3.048365	0.017113	0.013508	0.014821	0.245966	0.000762	0.019423	0.000876	0.193022
3.053269	0.017170	0.013489	0.012001	0.245862	0.000672	0.019036	0.000780	0.192797
3.052972	0.017181	0.013551	0.011751	0.245881	0.000664	0.020164	0.000818	0.192968
3.047448	0.017112	0.013411	0.012149	0.245824	0.000708	0.021090	0.000818	0.192844
3.047436	0.017072	0.013512	0.012343	0.245872	0.000677	0.019496	0.000872	0.193020
3.052050	0.017160	0.013534	0.012194	0.245748	0.000738	0.018382	0.000953	0.192808
3.050465	0.017149	0.013569	0.011912	0.245744	0.000631	0.019343	0.000750	0.192944
3.045038	0.017112	0.013458	0.012006	0.245780	0.000612	0.020712	0.000810	0.192811
3.050968	0.017125	0.013489	0.013336	0.245737	0.000687	0.018516	0.000781	0.193038
3.050653	0.017113	0.013474	0.013187	0.245731	0.000732	0.019386	0.000828	0.192813
3.047858	0.017072	0.013541	0.012480	0.245763	0.000664	0.020259	0.000980	0.192908
3.042360	0.017129	0.013404	0.012404	0.245696	0.000697	0.019329	0.000816	0.192880
3.048676	0.017158	0.013536	0.012957	0.245670	0.000719	0.019021	0.000780	0.193025
3.050841	0.017147	0.013495	0.012155	0.245668	0.000703	0.019109	0.000812	0.192869
3.044906	0.017030	0.013557	0.012211	0.245703	0.000649	0.020608	0.000736	0.192995
3.044323	0.017047	0.013433	0.012275	0.245706	0.000704	0.019849	0.000937	0.192863
3.050198	0.017152	0.013539	0.011377	0.245712	0.000656	0.018902	0.000842	0.192972
3.046360	0.017146	0.013382	0.011830	0.245651	0.000634	0.019955	0.000716	0.192910
3.043766	0.017150	0.013511	0.012781	0.245690	0.000650	0.020921	0.000746	0.192931
3.054123	0.017119	0.013450	0.013040	0.245675	0.000680	0.018638	0.000737	0.193006
3.058810	0.017078	0.013592	0.012886	0.245609	0.000659	0.020336	0.000816	0.192885
3.051721	0.017080	0.013540	0.012804	0.245643	0.000681	0.020892	0.000995	0.192999
3.054642	0.017170	0.013491	0.013306	0.245563	0.000741	0.019090	0.000741	0.192935
3.059603	0.017222	0.013619	0.012424	0.245630	0.000729	0.017677	0.000729	0.193064
3.056706	0.017124	0.013610	0.011894	0.245535	0.000692	0.019755	0.000763	0.192859
3.047627	0.017012	0.013518	0.010903	0.245547	0.000649	0.019758	0.000771	0.193036
3.052797	0.017114	0.013543	0.012640	0.245572	0.000715	0.018740	0.000996	0.192948
3.053551	0.017136	0.013528	0.011973	0.245633	0.000665	0.018438	0.000794	0.193098
3.047074	0.017110	0.013531	0.012154	0.245554	0.000658	0.021219	0.000704	0.192859
3.043886	0.017046	0.013426	0.012018	0.245591	0.000682	0.018144	0.000729	0.193126
3.047470	0.017019	0.013495	0.012882	0.245614	0.000631	0.019158	0.000710	0.192943
3.045257	0.016974	0.013531	0.013480	0.245553	0.000618	0.019898	0.000873	0.193068
3.039754	0.017025	0.013386	0.012503	0.245572	0.000769	0.021093	0.000928	0.192904
3.040082	0.017075	0.013482	0.012300	0.245483	0.000746	0.019768	0.000728	0.193095
3.044547	0.017086	0.013522	0.011669	0.245553	0.000667	0.019154	0.000732	0.192876
3.049181	0.017041	0.013605	0.012660	0.245582	0.000713	0.021363	0.000649	0.192930
3.055518	0.017069	0.013506	0.014191	0.245555	0.000705	0.018734	0.000754	0.192783
3.064664	0.017176	0.013595	0.011754	0.245570	0.000676	0.018822	0.001037	0.192872
3.057853	0.017220	0.013584	0.012350	0.245498	0.000694	0.020082	0.000718	0.192775
3.051197	0.017223	0.013524	0.012266	0.245576	0.000696	0.020789	0.000713	0.192899
3.056481	0.017101	0.013490	0.013300	0.245536	0.000663	0.016282	0.000748	0.192817
3.060210	0.017113	0.013535	0.012980	0.245541	0.000672	0.019368	0.000761	0.192807
3.054879	0.017050	0.013492	0.012663	0.245649	0.000669	0.020255	0.000929	0.192879
3.058293	0.017186	0.013565	0.013504	0.245693	0.000778	0.019418	0.000804	0.192911
3.066128	0.017225	0.013528	0.013188	0.245793	0.000747	0.018161	0.000718	0.192948
3.058067	0.017172	0.013595	0.012224	0.245820	0.000604	0.020427	0.000725	0.192866
3.048609	0.017027	0.013427	0.013100	0.245783	0.000605	0.021090	0.000719	0.193030
3.043539	0.017065	0.013461	0.011256	0.245698	0.000742	0.019363	0.000796	0.192958
3.041339	0.017021	0.013371	0.011668	0.245753	0.000734	0.019884	0.000856	0.193026
3.040455	0.017071	0.013444	0.011477	0.245747	0.000695	0.020616	0.000685	0.192906
3.036598	0.017111	0.013357	0.013063	0.245805	0.000686	0.020467	0.000738	0.193027
3.038080	0.017045	0.013398	0.012504	0.245864	0.000771	0.020258	0.000709	0.192985
3.036931	0.016938	0.013385	0.013187	0.245940	0.000696	0.019332	0.000664	0.193072
3.031969	0.016909	0.013320	0.012669	0.246028	0.000638	0.020720	0.000957	0.193002
3.031107	0.017016	0.013282	0.011172	0.246065	0.000672	0.019776	0.000734	0.193198
3.036605	0.017100	0.013389	0.012949	0.246032	0.000691	0.020261	0.000655	0.193020
3.041360	0.017038	0.013313	0.012126	0.246093	0.000676	0.019454	0.000731	0.193157
3.044035	0.017108	0.013374	0.012743	0.246090	0.000656	0.020520	0.000741	0.192962
3.045052	0.017051	0.013331	0.010936	0.246215	0.000717	0.016983	0.000837	0.193106
3.049664	0.017028	0.013362	0.011971	0.246254	0.000812	0.019099	0.000840	0.193013
3.046012	0.017117	0.013443	0.012025	0.246313	0.000667	0.020999	0.000677	0.193073
3.042280	0.017125	0.013361	0.011997	0.246408	0.000777	0.020206	0.000725	0.192959
3.045550	0.017136	0.013300	0.012417	0.246442	0.000697	0.019671	0.000658	0.193154
3.040563	0.016999	0.013316	0.012414	0.246514	0.000743	0.019722	0.000692	0.192960
3.032732	0.016947	0.013263	0.012582	0.246638	0.000752	0.020564	0.001021	0.193207
3.031608	0.017064	0.013199	0.013164	0.246759	0.000707	0.021008	0.000711	0.193094
3.033594	0.017086	0.013259	0.012141	0.246799	0.000641	0.019684	0.000705	0.193190
3.027776	0.016974	0.013139	0.012522	0.246963	0.000725	0.020672	0.000712	0.193035
3.025633	0.016932	0.013114	0.012440	0.247194	0.000712	0.020506	0.000690	0.193166
3.014108	0.016926	0.012972	0.012338	0.247432	0.000745	0.020609	0.000967	0.193144
2.990965	0.016820	0.012917	0.011958	0.247614	0.000697	0.019827	0.000721	0.193381
2.968155	0.016667	0.012747	0.012001	0.247762	0.000664	0.019634	0.000694	0.193464
2.945873	0.016409	0.012584	0.012509	0.247933	0.000722	0.019106	0.000691	0.193824
2.930269	0.016271	0.012423	0.012199	0.248120	0.000663	0.018919	0.000635	0.193911
2.920207	0.016238	0.012407	0.012624	0.248159	0.000732	0.018898	0.000701	0.194050
2.902008	0.016109	0.012169	0.012174	0.248284	0.000752	0.018777	0.000849	0.194257
2.886610	0.016102	0.012094	0.012046	0.248443	0.000759	0.018328	0.000654	0.194639
2.882475	0.016080	0.012048	0.011539	0.248384	0.000730	0.018418	0.000757	0.194756
2.876550	0.015935	0.011956	0.012235	0.248286	0.000751	0.019232	0.000715	0.194896
2.862118	0.015769	0.011812	0.012343	0.248412	0.000685	0.018493	0.000682	0.195216
2.851481	0.015717	0.011850	0.011999	0.248567	0.000826	0.018495	0.000975	0.195517
2.836249	0.015748	0.011718	0.011697	0.248604	0.000738	0.018328	0.000695	0.195740
2.817782	0.015609	0.011656	0.011631	0.248796	0.000724	0.018300	0.000661	0.196125
2.808347	0.015398	0.011524	0.012123	0.248960	0.000777	0.018102	0.000733	0.196463
2.803743	0.015364	0.011464	0.012361	0.248976	0.000777	0.018138	0.000620	0.196677
2.797677	0.015319	0.011481	0.011839	0.248856	0.000694	0.018492	0.000811	0.197036
2.790197	0.015319	0.011464	0.011558	0.248862	0.000732	0.018311	0.000757	0.197193
2.783508	0.015298	0.011337	0.011758	0.248606	0.000736	0.018125	0.000671	0.197456
2.782544	0.015267	0.011364	0.011302	0.248552	0.000702	0.017946	0.000702	0.197754
2.776140	0.015137	0.011284	0.011778	0.248561	0.000714	0.018156	0.000679	0.198134
2.777159	0.015121	0.011260	0.012260	0.248257	0.000773	0.017934	0.000714	0.198114
2.769303	0.015040	0.011165	0.011619	0.248436	0.000803	0.017384	0.000953	0.198591
2.763578	0.015106	0.011218	0.011166	0.248515	0.000750	0.018187	0.000642	0.198944
2.767895	0.015058	0.011166	0.011390	0.248468	0.000681	0.018373	0.000705	0.199242
2.769227	0.015036	0.011088	0.011410	0.248233	0.000769	0.017810	0.000697	0.199503
2.765736	0.014949	0.011033	0.011933	0.248307	0.000748	0.017866	0.000612	0.199797
2.761396	0.014926	0.011050	0.011515	0.248329	0.000747	0.017882	0.001087	0.199995
2.782038	0.015097	0.011200	0.011436	0.248321	0.000778	0.018499	0.000723	0.200070
2.812117	0.015328	0.011334	0.011341	0.248427	0.000715	0.017908	0.000651	0.200057
2.819538	0.015386	0.011381	0.012002	0.248458	0.000730	0.018428	0.000703	0.200584
2.807570	0.015181	0.011276	0.012095	0.248403	0.000776	0.018356	0.000693	0.200665
2.798796	0.015103	0.011067	0.012100	0.248533	0.000804	0.018126	0.000734	0.201217
2.797623	0.015113	0.010975	0.011682	0.248578	0.000831	0.017816	0.000885	0.201312
2.792249	0.015137	0.010923	0.011546	0.248717	0.000745	0.018280	0.000612	0.201843
2.788709	0.014986	0.010952	0.011375	0.248708	0.000734	0.018085	0.000708	0.201838
2.791936	0.015017	0.010906	0.011596	0.248634	0.000767	0.018271	0.000643	0.202098
2.802803	0.015076	0.011043	0.012098	0.248606	0.000764	0.017950	0.000726	0.202020
2.809591	0.015149	0.011039	0.011621	0.248473	0.000721	0.018182	0.001014	0.202287
2.803404	0.015049	0.010904	0.011782	0.248539	0.000791	0.017990	0.000699	0.202448
2.816660	0.015252	0.011033	0.011434	0.248425	0.000770	0.017881	0.000655	0.202541
2.839949	0.015285	0.011274	0.011683	0.248504	0.000834	0.018335	0.000742	0.202270
2.845176	0.015251	0.011276	0.012493	0.248591	0.000798	0.018866	0.000661	0.202607
2.849918	0.015357	0.011188	0.012132	0.248663	0.000780	0.018248	0.000875	0.202858
2.858421	0.015417	0.011374	0.011649	0.248701	0.000840	0.018367	0.000724	0.202986
2.866293	0.015477	0.011554	0.011902	0.248853	0.000752	0.018358	0.000712	0.202863
2.875603	0.015521	0.011489	0.012098	0.248948	0.000746	0.019069	0.000709	0.202927
2.886594	0.015581	0.011455	0.012234	0.249016	0.000820	0.018279	0.000687	0.203263
2.890432	0.015578	0.011510	0.012194	0.249026	0.000792	0.018768	0.000798	0.203283
2.899530	0.015665	0.011676	0.012404	0.249130	0.000849	0.019004	0.000861	0.203149
2.923211	0.015811	0.011770	0.011973	0.249066	0.000751	0.019162	0.000736	0.202959
2.935684	0.015988	0.011723	0.012183	0.249054	0.000835	0.018991	0.000697	0.203350
2.941479	0.015913	0.011795	0.012270	0.248854	0.000744	0.019050	0.000721	0.203208
2.939511	0.015812	0.011702	0.012772	0.248923	0.000774	0.019315	0.000691	0.203670
2.946085	0.015905	0.011781	0.012461	0.249041	0.000837	0.018796	0.001098	0.203679
2.955085	0.016063	0.011851	0.012566	0.249215	0.000842	0.019322	0.000668	0.204020
2.961181	0.016075	0.011851	0.012097	0.249462	0.000821	0.019377	0.000759	0.203593
2.964773	0.016088	0.011873	0.012588	0.249645	0.000672	0.019229	0.000717	0.203652
2.957187	0.015926	0.011732	0.012933	0.249484	0.000760	0.018799	0.000698	0.203584
2.955526	0.015890	0.011677	0.012824	0.249559	0.000859	0.018997	0.000839	0.203941
2.953887	0.015946	0.011669	0.012343	0.249524	0.000868	0.019396	0.000927	0.203965
2.944638	0.015931	0.011528	0.012188	0.249630	0.000795	0.018797	0.000756	0.204344
2.952905	0.015958	0.011477	0.012062	0.249579	0.000761	0.018555	0.000736	0.203987
2.972292	0.016014	0.011346	0.013026	0.249632	0.000838	0.019208	0.000696	0.203963
2.993428	0.015885	0.010649	0.013350	0.249367	0.000804	0.018254	0.000736	0.203947
3.014832	0.016025	0.010267	0.012373	0.249125	0.000872	0.017326	0.000913	0.204463
3.020882	0.016051	0.010292	0.012161	0.248743	0.000740	0.017695	0.000752	0.204482
3.022133	0.015976	0.010322	0.012807	0.248514	0.000772	0.017929	0.000699	0.204604
3.033450	0.016031	0.010285	0.012618	0.248165	0.000799	0.018978	0.000713	0.204564
3.031867	0.015978	0.010240	0.012731	0.248001	0.000760	0.018367	0.000706	0.204996
3.040722	0.015996	0.010400	0.012524	0.247840	0.000845	0.018696	0.000945	0.204974
3.054745	0.016194	0.010505	0.013066	0.247918	0.000837	0.019607	0.000745	0.205145
3.074226	0.016357	0.010521	0.011657	0.247997	0.000768	0.015450	0.000683	0.205588
3.097929	0.016462	0.010732	0.013465	0.248164	0.000773	0.018472	0.000705	0.205580
3.116458	0.016615	0.010830	0.012244	0.248214	0.000765	0.019628	0.000678	0.205362
3.143037	0.016969	0.011231	0.014469	0.248033	0.000850	0.024687	0.000837	0.204953
3.141859	0.017162	0.011520	0.015126	0.247660	0.000756	0.026004	0.000899	0.204865
3.148101	0.017428	0.011895	0.014758	0.247520	0.000779	0.024841	0.000730	0.204449
3.150158	0.017605	0.011858	0.013358	0.247569	0.000795	0.024178	0.000701	0.204345
3.155816	0.017690	0.012142	0.014668	0.247608	0.000799	0.023240	0.000806	0.203675
3.156255	0.017567	0.011940	0.015131	0.247560	0.000805	0.023887	0.000764	0.203940
3.151481	0.017548	0.012098	0.015500	0.247463	0.000877	0.025415	0.001045	0.203830
3.140714	0.017357	0.011730	0.013724	0.247528	0.000794	0.024666	0.000751	0.204406
3.132630	0.017213	0.011706	0.012939	0.247485	0.000796	0.025011	0.000768	0.204468
3.128558	0.017054	0.011424	0.014199	0.247407	0.000738	0.025896	0.000790	0.204883
3.137672	0.017093	0.011520	0.016280	0.247383	0.000771	0.027702	0.000792	0.204638
3.133689	0.017166	0.011558	0.014000	0.247467	0.000754	0.024632	0.000750	0.205220
3.135717	0.017311	0.011737	0.014833	0.247539	0.000839	0.024428	0.000854	0.204952
3.143121	0.017622	0.011972	0.012632	0.247632	0.000754	0.024355	0.000705	0.204776
3.143237	0.017717	0.012040	0.013744	0.247578	0.000814	0.024759	0.000836	0.204645
3.146644	0.017650	0.011963	0.014211	0.247525	0.000784	0.023881	0.000758	0.204958
3.157795	0.017676	0.012151	0.015323	0.247552	0.000843	0.024034	0.000810	0.204816
3.152934	0.017866	0.012253	0.012232	0.247793	0.000789	0.023920	0.001120	0.204783
3.149915	0.017806	0.012008	0.012971	0.247865	0.000778	0.024594	0.000769	0.205079
3.145799	0.017696	0.012044	0.011469	0.247662	0.000741	0.024310	0.000735	0.205269
3.144740	0.017583	0.012098	0.014497	0.247620	0.000793	0.024683	0.000744	0.205272
3.143913	0.017592	0.012165	0.015297	0.247592	0.000798	0.025829	0.000780	0.205513
3.142962	0.017606	0.012009	0.014766	0.247667	0.000831	0.024752	0.001039	0.205769
3.139204	0.017592	0.011982	0.014622	0.247527	0.000829	0.023622	0.000784	0.206008
3.138225	0.017579	0.012045	0.013540	0.247454	0.000779	0.025009	0.000727	0.206348
3.136207	0.017590	0.012123	0.013591	0.247440	0.000817	0.024841	0.000719	0.206472
3.140882	0.017541	0.012039	0.015052	0.247463	0.000894	0.025230	0.000773	0.206520
3.139801	0.017602	0.012142	0.011812	0.247534	0.000833	0.024608	0.000878	0.206709
3.134826	0.017492	0.012114	0.013225	0.247420	0.000801	0.025450	0.000943	0.206924
3.137869	0.017782	0.012231	0.014347	0.247554	0.000777	0.025037	0.000698	0.206884
3.144760	0.017792	0.012056	0.014379	0.247677	0.000825	0.024372	0.000750	0.206967
3.142259	0.017779	0.012304	0.011942	0.247714	0.000820	0.024949	0.000728	0.206969
3.139521	0.017714	0.012244	0.013598	0.247810	0.000810	0.025285	0.000750	0.207124
3.143028	0.017827	0.012293	0.012607	0.247869	0.000821	0.024219	0.001040	0.207243
3.148753	0.017923	0.012146	0.014662	0.247925	0.000794	0.024596	0.000775	0.207508
3.144173	0.017873	0.012385	0.013330	0.247891	0.000805	0.024768	0.000755	0.207488
3.138895	0.017746	0.012141	0.012442	0.247994	0.000748	0.024960	0.000701	0.207648
3.137852	0.017754	0.012270	0.015710	0.247913	0.000900	0.024394	0.000706	0.207675
3.144158	0.017756	0.012135	0.012221	0.247862	0.000789	0.024675	0.000917	0.208212
3.146104	0.017911	0.012511	0.015027	0.248049	0.000821	0.024854	0.000862	0.207769
3.150816	0.018110	0.012283	0.011862	0.248195	0.000756	0.025059	0.000694	0.207856
3.160984	0.018139	0.012452	0.015431	0.248293	0.000855	0.024537	0.000809	0.207489
3.162174	0.018044	0.012416	0.013165	0.248244	0.000867	0.025114	0.000710	0.207563
3.165444	0.018293	0.012741	0.015616	0.248370	0.000863	0.025229	0.000886	0.207024
3.181988	0.018637	0.012581	0.011940	0.248825	0.000739	0.024378	0.000932	0.207241
3.191416	0.018639	0.012845	0.014773	0.248904	0.000855	0.023884	0.000817	0.206971
3.183386	0.018595	0.012710	0.012427	0.248692	0.000806	0.025415	0.000753	0.207165
3.174543	0.018505	0.012865	0.014854	0.248560	0.000927	0.025852	0.000836	0.206889
3.185904	0.018625	0.012498	0.013407	0.248664	0.000850	0.025100	0.000848	0.207413
3.187028	0.018599	0.012936	0.016261	0.248639	0.000821	0.025402	0.000999	0.207276
3.175794	0.018509	0.012742	0.013526	0.248630	0.000767	0.025068	0.000813	0.207648
3.171014	0.018532	0.012784	0.014337	0.248580	0.000822	0.025820	0.000822	0.207503
3.178401	0.018497	0.012540	0.011900	0.248649	0.000758	0.024768	0.000751	0.207979
3.174091	0.018361	0.012913	0.015509	0.248386	0.000895	0.024568	0.000840	0.207741
3.165315	0.018398	0.012725	0.012294	0.248493	0.000824	0.025984	0.000911	0.208121
3.173732	0.018495	0.012751	0.013228	0.248492	0.000758	0.025839	0.000888	0.208226
3.169794	0.018380	0.012636	0.010576	0.248465	0.000700	0.024795	0.000779	0.208769
3.156172	0.018227	0.012786	0.014224	0.248322	0.000758	0.026159	0.000737	0.208774
3.159354	0.018308	0.012640	0.013179	0.248537	0.000804	0.025601	0.000663	0.209024
3.170777	0.018370	0.012716	0.015351	0.248677	0.000897	0.024998	0.000860	0.209010
3.166730	0.018336	0.012707	0.013164	0.248592	0.000841	0.024979	0.000991	0.209121
3.159130	0.018293	0.012746	0.012452	0.248644	0.000766	0.026484	0.000757	0.209044
3.163909	0.018525	0.012661	0.011746	0.248680	0.000754	0.026065	0.000864	0.208982
3.177317	0.018519	0.012719	0.014735	0.248819	0.000863	0.024841	0.000851	0.208882
3.169837	0.018410	0.012862	0.014030	0.248984	0.000895	0.025571	0.000782	0.209002
3.159334	0.018381	0.012677	0.012653	0.249016	0.000863	0.026823	0.001091	0.209201
3.165034	0.018452	0.012628	0.014266	0.248973	0.000901	0.025920	0.000809	0.209168
3.170286	0.018396	0.012645	0.011734	0.248960	0.000808	0.025665	0.000724	0.209247
3.163188	0.018379	0.012829	0.016272	0.249173	0.000848	0.026251	0.000786	0.209071
3.164346	0.018419	0.012613	0.013567	0.249267	0.000783	0.025905	0.000705	0.209196
3.174839	0.018515	0.012782	0.014477	0.249266	0.000882	0.024092	0.000874	0.208928
3.170746	0.018427	0.012703	0.012128	0.249116	0.000837	0.026154	0.001067	0.209121
3.163185	0.018560	0.012947	0.013623	0.249165	0.000818	0.026521	0.000803	0.209084
3.179121	0.018640	0.012575	0.014036	0.249443	0.000779	0.026365	0.000781	0.209313
3.185110	0.018590	0.013089	0.011539	0.249326	0.000846	0.026071	0.000820	0.208788
3.179713	0.018666	0.012799	0.015293	0.249425	0.000906	0.026523	0.000758	0.208725
3.196452	0.018924	0.013156	0.015411	0.249704	0.000925	0.026523	0.000985	0.208196
3.213506	0.019142	0.012895	0.010364	0.249859	0.000805	0.027144	0.000863	0.208309
3.202489	0.019035	0.013345	0.015744	0.249820	0.000826	0.026719	0.000782	0.208008
3.201722	0.019000	0.013036	0.014331	0.249837	0.000834	0.026557	0.000802	0.208243
3.213761	0.019007	0.013143	0.012096	0.249805	0.000951	0.026279	0.000772	0.208062
3.208954	0.019052	0.013159	0.014572	0.249800	0.000873	0.027659	0.000942	0.207983
3.202824	0.019155	0.013226	0.013641	0.249910	0.000856	0.028409	0.000988	0.208028
3.212967	0.019317	0.013109	0.016543	0.249923	0.000882	0.027740	0.000870	0.208097
3.215920	0.019201	0.013098	0.010723	0.249861	0.000804	0.026175	0.000907	0.207919
3.208320	0.019166	0.013393	0.014337	0.249997	0.000992	0.027188	0.000837	0.207449
3.217209	0.019343	0.013131	0.013884	0.250464	0.000793	0.027197	0.000901	0.207513
3.235552	0.019531	0.013400	0.012137	0.250559	0.000821	0.026353	0.001050	0.207310
3.221874	0.019416	0.013234	0.011449	0.250464	0.000829	0.027412	0.000802	0.207706
3.207028	0.019256	0.013418	0.012836	0.250422	0.000886	0.027571	0.000757	0.207518
3.214070	0.019286	0.012935	0.015787	0.250411	0.000768	0.027386	0.000841	0.208084
3.214068	0.019060	0.013340	0.013138	0.250124	0.000919	0.026338	0.000804	0.207938
3.198850	0.019092	0.013113	0.013126	0.250055	0.000854	0.028020	0.001121	0.208208
3.193252	0.019047	0.013241	0.012730	0.250012	0.000856	0.028240	0.000905	0.208246
3.202364	0.019016	0.012867	0.012660	0.249895	0.000722	0.027474	0.000790	0.208841
3.194220	0.018867	0.013327	0.015116	0.249851	0.000862	0.027300	0.000864	0.208570
3.187099	0.018885	0.013052	0.014622	0.250070	0.000842	0.027725	0.000713	0.208820
3.197933	0.018988	0.013188	0.013422	0.250222	0.000897	0.026864	0.000932	0.208550
3.204912	0.019101	0.012953	0.011571	0.250145	0.000790	0.027852	0.000977	0.208712
3.193294	0.018938	0.013321	0.014714	0.250053	0.000850	0.028053	0.000826	0.208299
3.193717	0.019088	0.013078	0.014832	0.250242	0.000893	0.027678	0.000751	0.208279
3.207704	0.019085	0.013201	0.012895	0.250324	0.000860	0.027563	0.000828	0.208274
3.198078	0.018948	0.013158	0.014296	0.250138	0.000913	0.026659	0.000879	0.208513
3.179317	0.018803	0.013150	0.013010	0.250025	0.000798	0.028563	0.001140	0.208617
3.185391	0.019000	0.013005	0.013988	0.250071	0.000826	0.026686	0.000818	0.208843
3.188321	0.018845	0.012951	0.010708	0.249999	0.000907	0.026336	0.000764	0.209077
3.172284	0.018702	0.013182	0.014506	0.249830	0.000798	0.027421	0.000768	0.208912
3.175862	0.018780	0.012812	0.014202	0.250009	0.000906	0.027944	0.000736	0.209240
3.187402	0.018799	0.013083	0.013114	0.250119	0.000893	0.026055	0.000951	0.209012
3.181565	0.018795	0.012880	0.011819	0.250062	0.000800	0.027599	0.000867	0.209313
3.170538	0.018742	0.013214	0.013687	0.250095	0.000843	0.028031	0.000849	0.208941
3.183031	0.018837	0.012763	0.014508	0.250263	0.000757	0.026730	0.000762	0.209277
3.185726	0.018695	0.013213	0.012406	0.250071	0.000903	0.026474	0.000799	0.208954
3.171338	0.018700	0.012977	0.013676	0.249998	0.000931	0.028130	0.000845	0.209408
3.168772	0.018711	0.013074	0.013377	0.249978	0.000848	0.028394	0.000937	0.209306
3.175694	0.018773	0.012745	0.013739	0.249959	0.000713	0.026805	0.000795	0.209811
3.171648	0.018649	0.013133	0.013150	0.249929	0.000888	0.028162	0.000777	0.209415
3.166212	0.018625	0.012957	0.014452	0.250008	0.000804	0.028139	0.000763	0.209503
3.172916	0.018628	0.013015	0.012868	0.250158	0.000895	0.027919	0.000769	0.209167
3.178978	0.018791	0.012886	0.010978	0.250027	0.000772	0.027263	0.000933	0.209392
3.167811	0.018654	0.013155	0.015207	0.249906	0.000852	0.028923	0.000832	0.209149
3.165436	0.018798	0.012900	0.014662	0.250035	0.000847	0.027857	0.000745	0.209435
3.179919	0.018715	0.012992	0.011601	0.250227	0.000839	0.027505	0.000807	0.209089
3.182838	0.018774	0.013107	0.015201	0.250418	0.000830	0.026816	0.000749	0.208817
3.175574	0.018763	0.013136	0.014348	0.250618	0.000903	0.029138	0.000936	0.208656
3.182794	0.018962	0.012991	0.014780	0.250673	0.000800	0.026950	0.000975	0.208796
3.186841	0.018956	0.013027	0.010638	0.250620	0.000823	0.027882	0.000799	0.208894
3.172602	0.018745	0.013205	0.014135	0.250491	0.000852	0.028284	0.000765	0.208808
3.171993	0.018780	0.012979	0.013205	0.250535	0.000868	0.028851	0.000722	0.209059
3.182136	0.018791	0.013112	0.015678	0.250447	0.000898	0.027338	0.000770	0.209052
3.176384	0.018790	0.012938	0.010660	0.250377	0.000897	0.026859	0.001024	0.209400
3.165746	0.018763	0.013183	0.013001	0.250281	0.000830	0.028525	0.000818	0.209221
3.171748	0.018837	0.012832	0.012775	0.250368	0.000821	0.027837	0.000765	0.209595
3.174346	0.018659	0.013122	0.014893	0.250313	0.000837	0.027343	0.000746	0.209536
3.165015	0.018550	0.012881	0.011775	0.250348	0.000888	0.027780	0.000757	0.210003
3.155344	0.018498	0.013025	0.012873	0.250136	0.000894	0.028523	0.001023	0.209877
3.162702	0.018699	0.012706	0.011126	0.250206	0.000791	0.028015	0.000835	0.210460
3.160051	0.018489	0.013054	0.014690	0.250104	0.000777	0.026891	0.000710	0.210311
3.149985	0.018426	0.012771	0.014276	0.250120	0.000779	0.028342	0.000766	0.210829
3.146576	0.018364	0.012879	0.015069	0.250181	0.000923	0.028426	0.000763	0.210759
3.154216	0.018388	0.012563	0.013060	0.250032	0.000783	0.026966	0.000862	0.211315
3.149389	0.018302	0.013031	0.013396	0.250150	0.000917	0.029211	0.001056	0.211029
3.144530	0.018462	0.012770	0.012436	0.250233	0.000805	0.029242	0.000742	0.211420
3.153561	0.018517	0.012854	0.013722	0.250407	0.000878	0.027944	0.000791	0.211273
3.157823	0.018492	0.012746	0.013736	0.250582	0.000852	0.028364	0.000836	0.211697
3.145576	0.018316	0.013007	0.012315	0.250613	0.000869	0.029149	0.000819	0.211461
3.145015	0.018532	0.012730	0.013651	0.250715	0.000884	0.028419	0.001071	0.211764
3.149224	0.018485	0.012861	0.011517	0.250841	0.000868	0.028779	0.000771	0.211965
3.145623	0.018396	0.012759	0.014617	0.250817	0.000846	0.027752	0.000729	0.212504
3.137879	0.018303	0.012976	0.012747	0.250844	0.000892	0.029908	0.000730	0.212447
3.140579	0.018324	0.012637	0.013664	0.251105	0.000884	0.028711	0.000692	0.212722
3.145260	0.018377	0.012803	0.010079	0.251220	0.000779	0.028113	0.000892	0.212567
3.138563	0.018384	0.012824	0.012723	0.251165	0.000786	0.028857	0.000862	0.212498
3.138765	0.018441	0.012857	0.012502	0.251321	0.000832	0.029949	0.000710	0.212456
3.146040	0.018428	0.012699	0.014057	0.251389	0.000894	0.028049	0.000768	0.212764
3.146117	0.018310	0.012812	0.013633	0.251469	0.000922	0.028392	0.000776	0.212940
3.135607	0.018260	0.012890	0.013065	0.251425	0.000883	0.029542	0.000836	0.212706
3.139602	0.018404	0.012711	0.012567	0.251523	0.000881	0.030640	0.000955	0.212846
3.145606	0.018460	0.012828	0.014242	0.251513	0.000858	0.027423	0.000712	0.212774
3.142094	0.018403	0.012855	0.012770	0.251503	0.000913	0.029274	0.000742	0.212742
3.135542	0.018309	0.012942	0.012610	0.251479	0.000932	0.029395	0.000755	0.212604
3.138898	0.018368	0.012628	0.012200	0.251570	0.000870	0.029090	0.000759	0.213000
3.139925	0.018240	0.012842	0.011648	0.251532	0.000936	0.028685	0.000957	0.212976
3.135437	0.018374	0.012836	0.015034	0.251543	0.000862	0.030202	0.000793	0.212983
3.131010	0.018364	0.012875	0.011699	0.251539	0.000785	0.029656	0.000701	0.212644
3.141962	0.018405	0.012605	0.014739	0.251758	0.000812	0.028932	0.000754	0.212933
3.145423	0.018305	0.013022	0.011414	0.251751	0.000997	0.028820	0.000701	0.212281
3.142383	0.018453	0.012859	0.013299	0.252028	0.000868	0.029874	0.000856	0.212129
3.150550	0.018666	0.012994	0.011607	0.252350	0.000836	0.029615	0.000889	0.211749
3.156730	0.018770	0.012729	0.015376	0.252435	0.000850	0.028853	0.000727	0.212298
3.144297	0.018468	0.013098	0.014711	0.252149	0.000808	0.028997	0.000778	0.212199
3.135078	0.018357	0.012781	0.013601	0.252133	0.000874	0.029988	0.000717	0.212657
3.136869	0.018388	0.012862	0.013076	0.252173	0.000865	0.029306	0.000818	0.212403
3.146999	0.018450	0.012669	0.011425	0.252323	0.000824	0.028060	0.000992	0.212433
3.143269	0.018471	0.013149	0.011870	0.252356	0.000882	0.029814	0.000717	0.211680
3.144626	0.018643	0.012828	0.013003	0.252603	0.000864	0.029792	0.000781	0.211835
3.154466	0.018587	0.013015	0.016650	0.252654	0.000929	0.028883	0.000740	0.211329
3.151720	0.018559	0.012824	0.013731	0.252734	0.000893	0.028705	0.000738	0.211731
3.141603	0.018454	0.013097	0.011939	0.252605	0.000882	0.030947	0.001024	0.211518
3.143630	0.018650	0.012767	0.013165	0.252806	0.000790	0.029807	0.000856	0.212088
3.144200	0.018470	0.012953	0.010275	0.252563	0.000810	0.029283	0.000719	0.212143
3.131564	0.018229	0.012657	0.014754	0.252171	0.000847	0.029671	0.000794	0.212779
3.125842	0.018156	0.012949	0.014043	0.252118	0.000955	0.031039	0.000684	0.212508
3.130148	0.018315	0.012664	0.014026	0.252146	0.000830	0.029468	0.000779	0.212878
3.132071	0.018198	0.012878	0.015071	0.251927	0.000901	0.029818	0.000920	0.212489
3.123759	0.018157	0.012630	0.011101	0.251776	0.000802	0.031198	0.000690	0.212863
3.114446	0.017991	0.012759	0.013140	0.251606	0.000877	0.031424	0.000696	0.212290
3.125231	0.018174	0.012536	0.012174	0.251888	0.000760	0.030530	0.000716	0.212171
3.137778	0.018266	0.013032	0.016500	0.252215	0.000865	0.028915	0.000711	0.211526
3.134424	0.018369	0.012807	0.013827	0.252218	0.000875	0.030081	0.000987	0.211588
3.131799	0.018383	0.012960	0.013246	0.252181	0.000852	0.030763	0.000677	0.211254
3.135285	0.018384	0.012622	0.014175	0.252209	0.000858	0.029105	0.000751	0.211685
3.134780	0.018280	0.013051	0.010156	0.252243	0.000832	0.030053	0.000740	0.211171
3.135372	0.018396	0.012895	0.015247	0.252289	0.000910	0.030331	0.000706	0.211353
3.132222	0.018341	0.012926	0.013250	0.252281	0.000900	0.031176	0.000866	0.211289
3.133886	0.018328	0.012636	0.011583	0.252099	0.000797	0.028739	0.000844	0.211528
3.134346	0.018331	0.013033	0.015551	0.252104	0.000850	0.029817	0.000683	0.211137
3.132039	0.018431	0.012906	0.012254	0.252323	0.000805	0.030666	0.000717	0.211163
3.140111	0.018422	0.013061	0.013803	0.252488	0.000950	0.030784	0.000665	0.210974
3.142345	0.018371	0.012714	0.010496	0.252365	0.000903	0.029576	0.000715	0.211227
3.134086	0.018337	0.013154	0.011599	0.252272	0.000833	0.031379	0.001048	0.210928
3.130246	0.018425	0.012839	0.012352	0.252085	0.000781	0.030691	0.000706	0.211409
3.134075	0.018417	0.012922	0.012957	0.252080	0.000787	0.029276	0.000717	0.211308
3.138143	0.018356	0.012818	0.016347	0.252115	0.000864	0.029733	0.000775	0.211662
3.133119	0.018255	0.013076	0.013333	0.252088	0.000842	0.031524	0.000716	0.211417
3.126575	0.018330	0.012781	0.013090	0.251916	0.000795	0.030691	0.000919	0.211972
3.135361	0.018397	0.012899	0.014107	0.251920	0.000881	0.030999	0.000753	0.211905
3.137982	0.018397	0.012834	0.010778	0.251871	0.000872	0.029881	0.000723	0.212121
3.129963	0.018278	0.013165	0.014071	0.251939	0.000875	0.031282	0.000752	0.211738
3.137064	0.018444	0.012850	0.012197	0.251983	0.000940	0.030548	0.000677	0.211939
3.147464	0.018542	0.013106	0.013466	0.252025	0.000793	0.030386	0.000808	0.211627
3.145548	0.018463	0.013094	0.010873	0.251995	0.000860	0.031071	0.000926	0.211467
3.138563	0.018552	0.013175	0.012846	0.251975	0.000853	0.031631	0.000656	0.211295
3.146729	0.018620	0.012888	0.010954	0.252070	0.000912	0.030097	0.000795	0.211659
3.149569	0.018527	0.013140	0.015466	0.252040	0.000838	0.030258	0.000747	0.211699
3.139844	0.018390	0.013183	0.012612	0.251963	0.000890	0.030162	0.000692	0.211668
3.130053	0.018384	0.013023	0.013008	0.251934	0.000867	0.032443	0.001047	0.211741
3.138691	0.018519	0.012948	0.014895	0.251717	0.000823	0.029704	0.000736	0.212142
3.142928	0.018440	0.013143	0.011491	0.251853	0.000833	0.030370	0.000653	0.212081
3.136803	0.018361	0.013171	0.013567	0.251835	0.000970	0.030773	0.000714	0.211802
3.135523	0.018456	0.013076	0.012708	0.251814	0.000919	0.031928	0.000719	0.211357
3.146894	0.018582	0.012974	0.011603	0.251947	0.000876	0.029531	0.000854	0.211441
3.142245	0.018510	0.013158	0.015871	0.251920	0.000838	0.030596	0.000765	0.211639
3.135415	0.018424	0.013172	0.012480	0.251741	0.000822	0.030960	0.000672	0.211685
3.131805	0.018419	0.013022	0.013511	0.251777	0.000854	0.032744	0.000742	0.211791
3.139283	0.018373	0.012996	0.014049	0.251730	0.000870	0.028774	0.000742	0.212030
3.138596	0.018366	0.013176	0.011492	0.251817	0.000888	0.030980	0.000795	0.211865
3.132281	0.018470	0.013126	0.012935	0.251725	0.000838	0.031580	0.001048	0.211537
3.141292	0.018612	0.013114	0.012132	0.251909	0.000866	0.031496	0.000732	0.211172
3.148414	0.018527	0.013132	0.015744	0.251903	0.000878	0.030116	0.000752	0.210977
3.140945	0.018489	0.013332	0.013099	0.252015	0.000841	0.030945	0.000794	0.210841
3.138942	0.018437	0.013171	0.013392	0.251983	0.000850	0.031295	0.000690	0.210644
3.148486	0.018682	0.013101	0.010552	0.252147	0.000862	0.031622	0.001035	0.210718
3.147353	0.018572	0.013278	0.009670	0.252055	0.000864	0.030695	0.000741	0.210408
3.139537	0.018498	0.013224	0.013390	0.252053	0.000756	0.031531	0.000705	0.210339
3.143009	0.018640	0.013212	0.013932	0.252130	0.000923	0.030755	0.000703	0.210093
3.157332	0.018726	0.013177	0.014997	0.252407	0.000826	0.030991	0.000708	0.210084
3.153454	0.018636	0.013382	0.011588	0.252355	0.000965	0.030665	0.000799	0.209871
3.137696	0.018619	0.013250	0.012633	0.252118	0.000881	0.032254	0.000953	0.210203
3.140526	0.018630	0.013170	0.012563	0.252100	0.000819	0.030830	0.000697	0.210278
3.153336	0.018628	0.013199	0.013676	0.252156	0.000851	0.030820	0.000747	0.210683
3.148226	0.018535	0.013539	0.015446	0.252043	0.001010	0.031854	0.000788	0.210373
