#header text header text texty text text
2.996957	0.016869	0.013552	0.012381	0.248033	0.000631	0.019693	0.001088	0.193381
2.995095	0.016855	0.013669	0.013031	0.248067	0.000693	0.019764	0.001186	0.193448
2.993860	0.016878	0.013537	0.011142	0.248139	0.000674	0.019941	0.001172	0.193446
2.995907	0.016977	0.013599	0.011594	0.248071	0.000684	0.019664	0.001098	0.193450
2.996665	0.016894	0.013621	0.011783	0.248076	0.000721	0.019306	0.001143	0.193443
2.993702	0.016860	0.013646	0.012275	0.248056	0.000616	0.019663	0.001149	0.193391
2.994243	0.016804	0.013565	0.012258	0.248057	0.000607	0.019998	0.001125	0.193529
2.996793	0.016902	0.013633	0.011718	0.248055	0.000732	0.019725	0.001300	0.193476
2.995753	0.016930	0.013587	0.011977	0.248027	0.000707	0.019686	0.001117	0.193468
2.992788	0.016908	0.013626	0.011575	0.248022	0.000672	0.020080	0.001103	0.193493
2.994863	0.016863	0.013503	0.012006	0.248111	0.000624	0.019748	0.001031	0.193530
2.996753	0.016831	0.013597	0.012209	0.248105	0.000614	0.019423	0.001153	0.193527
2.994906	0.016842	0.013586	0.012328	0.248032	0.000677	0.019606	0.001202	0.193460
2.992574	0.016855	0.013638	0.012123	0.248021	0.000779	0.019840	0.001178	0.193510
2.994295	0.016937	0.013497	0.012190	0.248030	0.000754	0.019437	0.001082	0.193497
2.996405	0.016896	0.013641	0.012210	0.248018	0.000681	0.019260	0.001102	0.193531
2.994719	0.016825	0.013570	0.012493	0.248002	0.000677	0.019800	0.001074	0.193560
2.992430	0.016800	0.013624	0.012059	0.247997	0.000652	0.019517	0.001201	0.193591
2.994693	0.016875	0.013544	0.011718	0.248047	0.000670	0.019080	0.001256	0.193580
2.996093	0.017009	0.013630	0.011898	0.248113	0.000659	0.019573	0.001129	0.193572
2.994146	0.016870	0.013568	0.011710	0.248083	0.000696	0.019604	0.001091	0.193494
2.992757	0.016809	0.013690	0.012300	0.247987	0.000627	0.019842	0.001166	0.193608
2.994678	0.016782	0.013481	0.012808	0.248051	0.000739	0.019474	0.001118	0.193608
2.996025	0.016890	0.013649	0.011828	0.248060	0.000647	0.019470	0.001313	0.193603
2.993958	0.016921	0.013567	0.011863	0.248129	0.000719	0.019968	0.001077	0.193494
2.992549	0.016866	0.013604	0.011890	0.248140	0.000748	0.019500	0.001124	0.193637
2.994032	0.016904	0.013460	0.012448	0.248160	0.000744	0.019140	0.001037	0.193517
2.996594	0.016842	0.013567	0.012945	0.248151	0.000741	0.019506	0.001053	0.193629
2.994708	0.016810	0.013556	0.012510	0.248136	0.000761	0.019760	0.001253	0.193495
2.992165	0.016863	0.013598	0.011897	0.248095	0.000626	0.019640	0.001182	0.193675
2.994068	0.016943	0.013451	0.011933	0.248209	0.000719	0.019559	0.001073	0.193493
2.995563	0.016919	0.013600	0.011232	0.248149	0.000674	0.019866	0.001044	0.193692
2.994893	0.016866	0.013538	0.012457	0.248109	0.000619	0.019325	0.001098	0.193489
3.004055	0.016935	0.013627	0.011807	0.248117	0.000617	0.020617	0.001176	0.193622
3.012127	0.017043	0.013644	0.012137	0.248125	0.000668	0.020882	0.001331	0.193381
3.010722	0.017030	0.013735	0.011871	0.248106	0.000713	0.019486	0.001104	0.193552
3.007191	0.017023	0.013668	0.011715	0.248206	0.000676	0.019763	0.001124	0.193400
3.002679	0.016934	0.013630	0.011713	0.248104	0.000711	0.020122	0.001075	0.193824
3.009638	0.016928	0.013669	0.012714	0.248158	0.000612	0.020037	0.001123	0.193695
3.015036	0.017012	0.013781	0.012321	0.248087	0.000722	0.020500	0.001245	0.193741
3.010780	0.017029	0.013707	0.012233	0.248171	0.000666	0.020012	0.001118	0.193687
3.013171	0.017030	0.013684	0.011869	0.248095	0.000724	0.020355	0.001046	0.193904
3.015683	0.017079	0.013697	0.012966	0.248157	0.000687	0.020130	0.001103	0.193748
3.014997	0.016969	0.013732	0.012745	0.248228	0.000734	0.019959	0.001111	0.194002
3.009549	0.016977	0.013683	0.012430	0.248328	0.000674	0.020183	0.001203	0.194040
3.004289	0.016935	0.013647	0.012141	0.248341	0.000715	0.019825	0.001102	0.194423
3.006738	0.017057	0.013663	0.011852	0.248415	0.000794	0.019681	0.001069	0.194218
3.009446	0.017027	0.013749	0.011889	0.248407	0.000708	0.020006	0.001085	0.194168
3.011279	0.017003	0.013745	0.012380	0.248456	0.000610	0.020619	0.001114	0.193866
3.019018	0.017076	0.013774	0.012285	0.248526	0.000722	0.020411	0.001142	0.194054
3.033528	0.017230	0.013869	0.012080	0.248487	0.000674	0.019659	0.001235	0.193751
3.038385	0.017283	0.013962	0.012231	0.248576	0.000704	0.019681	0.001144	0.193872
3.033136	0.017246	0.013926	0.012366	0.248666	0.000699	0.020718	0.001082	0.193673
3.026782	0.017152	0.013810	0.011485	0.248525	0.000589	0.019608	0.001041	0.193922
3.028471	0.017131	0.013785	0.012389	0.248644	0.000685	0.020060	0.001093	0.193738
3.025405	0.017100	0.013839	0.012606	0.248742	0.000656	0.020235	0.001249	0.193930
3.019201	0.017135	0.013768	0.011872	0.248813	0.000721	0.019919	0.001157	0.193874
3.023934	0.017197	0.013713	0.012614	0.248792	0.000771	0.020176	0.001045	0.194039
3.030051	0.017204	0.013839	0.012254	0.248969	0.000689	0.019753	0.001059	0.193819
3.028695	0.017101	0.013786	0.013215	0.249010	0.000719	0.019778	0.001051	0.194045
3.026827	0.017124	0.013832	0.013261	0.249189	0.000726	0.020976	0.001164	0.193850
3.017171	0.017107	0.013695	0.012330	0.249188	0.000688	0.020294	0.001245	0.194073
3.014677	0.017119	0.013710	0.012711	0.249386	0.000712	0.019828	0.001037	0.194084
3.007248	0.017015	0.013596	0.012235	0.249518	0.000648	0.019990	0.001043	0.194229
2.994304	0.016808	0.013564	0.012556	0.249619	0.000630	0.019732	0.001011	0.194430
2.992136	0.016814	0.013362	0.013563	0.249813	0.000712	0.019289	0.001140	0.194581
3.005027	0.016986	0.013529	0.012029	0.250088	0.000714	0.020368	0.001242	0.194601
3.007140	0.017043	0.013565	0.012066	0.250235	0.000711	0.019624	0.001131	0.194753
2.999036	0.017008	0.013507	0.011992	0.250414	0.000678	0.019559	0.001086	0.195010
2.988370	0.016807	0.013256	0.012995	0.250566	0.000705	0.019062	0.001046	0.195285
2.977918	0.016736	0.013196	0.012907	0.250766	0.000708	0.019184	0.000982	0.195492
2.966917	0.016728	0.013115	0.013108	0.250840	0.000710	0.019284	0.001159	0.195630
2.942891	0.016616	0.013032	0.012135	0.250919	0.000725	0.019520	0.001079	0.195855
2.909882	0.016365	0.012657	0.011663	0.251139	0.000753	0.018911	0.000980	0.196189
2.886173	0.016174	0.012580	0.012188	0.251423	0.000679	0.018541	0.000955	0.196415
2.863095	0.015993	0.012423	0.012149	0.251499	0.000673	0.018799	0.000959	0.196608
2.845029	0.015883	0.012367	0.012167	0.251236	0.000707	0.018656	0.001065	0.196934
2.837552	0.015890	0.012216	0.011771	0.250885	0.000759	0.018465	0.001084	0.197129
2.841807	0.015971	0.012323	0.011725	0.250656	0.000721	0.018338	0.000944	0.197261
2.845875	0.015807	0.012450	0.011888	0.250654	0.000698	0.018465	0.000917	0.197261
2.834957	0.015744	0.012365	0.012133	0.250650	0.000646	0.018683	0.000956	0.197579
2.828341	0.015671	0.012205	0.012359	0.250668	0.000722	0.018439	0.001016	0.197521
2.815543	0.015639	0.012115	0.011508	0.250668	0.000661	0.018527	0.001101	0.197840
2.800479	0.015584	0.011998	0.012005	0.250865	0.000780	0.018686	0.000952	0.198062
2.792964	0.015459	0.011940	0.012085	0.251032	0.000791	0.018457	0.000921	0.198484
2.798974	0.015467	0.011939	0.012179	0.250919	0.000733	0.018296	0.000901	0.198500
2.819190	0.015513	0.012071	0.012422	0.250710	0.000682	0.018499	0.000938	0.198506
2.818605	0.015495	0.012045	0.012064	0.250858	0.000722	0.018580	0.001099	0.198630
2.824970	0.015559	0.012043	0.011764	0.250903	0.000733	0.018621	0.001023	0.198969
2.856971	0.015809	0.012196	0.011696	0.251066	0.000703	0.018723	0.000908	0.198895
2.868261	0.015847	0.012287	0.011752	0.251134	0.000684	0.018780	0.000945	0.199303
2.859864	0.015685	0.012168	0.012723	0.251329	0.000771	0.018517	0.000958	0.199889
2.861373	0.015679	0.012105	0.012774	0.251506	0.000718	0.018810	0.001033	0.200460
2.884611	0.015940	0.012231	0.012257	0.251502	0.000778	0.018349	0.001150	0.200336
2.906618	0.016141	0.012398	0.012373	0.251740	0.000819	0.019102	0.000895	0.200526
2.910892	0.016097	0.012399	0.012186	0.252107	0.000747	0.018963	0.000935	0.201087
2.904383	0.016011	0.012323	0.012275	0.252055	0.000679	0.018555	0.000972	0.201473
2.923544	0.016082	0.012402	0.013341	0.252053	0.000757	0.018792	0.001006	0.201344
2.953614	0.016304	0.012695	0.012502	0.252184	0.000657	0.018893	0.001185	0.201390
2.951089	0.016338	0.012514	0.012101	0.252286	0.000757	0.019415	0.001002	0.201688
2.944697	0.016319	0.012555	0.012473	0.252370	0.000753	0.019034	0.000953	0.202116
2.959922	0.016360	0.012533	0.012454	0.252410	0.000696	0.018816	0.000979	0.202045
2.978143	0.016385	0.012667	0.013339	0.252451	0.000675	0.019622	0.000966	0.202070
2.973603	0.016320	0.012362	0.012991	0.252359	0.000795	0.019631	0.001105	0.202274
2.982531	0.016481	0.012521	0.012699	0.252438	0.000853	0.018702	0.001076	0.202636
3.021469	0.016798	0.012944	0.012392	0.252658	0.000727	0.019496	0.000979	0.202359
3.051410	0.016931	0.013205	0.013115	0.252624	0.000797	0.020810	0.000965	0.202108
3.053432	0.016931	0.012992	0.013338	0.252585	0.000777	0.021314	0.000979	0.202320
3.038535	0.016755	0.012842	0.013112	0.252337	0.000738	0.019802	0.001081	0.202907
3.024320	0.016691	0.012570	0.012463	0.252340	0.000721	0.019198	0.001200	0.203334
3.034392	0.016736	0.012730	0.012400	0.252178	0.000776	0.019391	0.001072	0.203307
3.049192	0.016925	0.012760	0.011789	0.252270	0.000793	0.020447	0.000993	0.203165
3.072519	0.016970	0.012990	0.012557	0.252249	0.000770	0.018349	0.000956	0.203265
3.079412	0.016969	0.013127	0.013974	0.252055	0.000755	0.019778	0.001054	0.203920
3.084577	0.017067	0.013247	0.014140	0.251978	0.000845	0.020823	0.001191	0.203991
3.110240	0.017298	0.013305	0.012242	0.252040	0.000850	0.019560	0.001128	0.204297
3.132178	0.017486	0.013712	0.013072	0.252052	0.000770	0.022720	0.001030	0.204092
3.126968	0.017426	0.013451	0.013100	0.251907	0.000683	0.020771	0.001068	0.204646
3.124738	0.017382	0.013425	0.014059	0.252043	0.000770	0.019978	0.001032	0.205175
3.146087	0.017466	0.013506	0.014990	0.251985	0.000819	0.022922	0.001163	0.205134
3.144271	0.017693	0.014107	0.013388	0.252059	0.000774	0.024213	0.001203	0.204899
3.152806	0.017937	0.014144	0.015489	0.251843	0.000783	0.026079	0.001066	0.204772
3.156388	0.018068	0.014551	0.013598	0.251765	0.000767	0.025004	0.001112	0.204904
3.146067	0.017748	0.013886	0.013585	0.251707	0.000764	0.024891	0.001061	0.205567
3.128281	0.017093	0.012147	0.014968	0.251407	0.000767	0.025302	0.001066	0.206438
3.046263	0.016276	0.010853	0.012654	0.251551	0.000810	0.018428	0.001191	0.208911
3.000718	0.016092	0.010596	0.012547	0.251250	0.000809	0.018141	0.000984	0.210447
3.028181	0.016227	0.010675	0.012501	0.250775	0.000757	0.018502	0.000965	0.209812
3.051932	0.016353	0.010929	0.012477	0.250734	0.000763	0.017981	0.001012	0.209742
3.054371	0.016273	0.010912	0.012946	0.250881	0.000754	0.018767	0.001001	0.209687
3.044567	0.016215	0.010849	0.012799	0.250956	0.000750	0.018922	0.001194	0.209995
3.033300	0.016223	0.010686	0.011497	0.250804	0.000798	0.019113	0.001018	0.210350
3.020776	0.016088	0.010728	0.011563	0.250360	0.000724	0.018271	0.000958	0.210817
3.007201	0.015954	0.010685	0.012506	0.250068	0.000752	0.018158	0.000989	0.211205
3.003175	0.015858	0.010647	0.012736	0.249787	0.000739	0.018088	0.000932	0.211765
3.012787	0.016011	0.010623	0.012609	0.249678	0.000780	0.017909	0.001059	0.211647
3.020536	0.016052	0.010736	0.012096	0.249537	0.000811	0.017973	0.001064	0.211670
3.032934	0.016164	0.010809	0.011967	0.249816	0.000755	0.018523	0.000930	0.211245
3.042761	0.016216	0.010875	0.012633	0.249789	0.000738	0.019311	0.000940	0.211218
3.050284	0.016235	0.010947	0.012670	0.249542	0.000784	0.018348	0.000915	0.210920
3.064114	0.016273	0.011105	0.013216	0.248983	0.000714	0.018457	0.001000	0.211074
3.068407	0.016395	0.011160	0.011289	0.248835	0.000827	0.019216	0.001184	0.211158
3.082668	0.016462	0.011215	0.012798	0.248936	0.000862	0.016895	0.001014	0.211799
3.106526	0.016691	0.011309	0.012512	0.249513	0.000735	0.017650	0.000912	0.211308
3.122487	0.016753	0.011530	0.013558	0.250256	0.000709	0.020621	0.000964	0.211154
3.132679	0.016814	0.011624	0.016742	0.250869	0.000798	0.023124	0.001005	0.211318
3.128704	0.016759	0.011538	0.016260	0.251149	0.000821	0.021841	0.001150	0.212674
3.114439	0.016694	0.011385	0.013084	0.251525	0.000812	0.020390	0.001107	0.213309
3.114359	0.016732	0.011486	0.013359	0.251668	0.000804	0.021265	0.000949	0.213740
3.133168	0.016967	0.011636	0.012005	0.251955	0.000716	0.023231	0.001037	0.212915
3.142123	0.017278	0.012306	0.014271	0.251964	0.000781	0.023275	0.001053	0.212187
3.149469	0.017518	0.012515	0.013263	0.252053	0.000789	0.022330	0.001171	0.211713
3.153435	0.017666	0.012835	0.012536	0.251860	0.000847	0.023262	0.001275	0.211974
3.144722	0.017592	0.012586	0.011686	0.251624	0.000846	0.023522	0.001056	0.213048
3.145490	0.017596	0.012630	0.012488	0.251483	0.000809	0.023058	0.001123	0.213813
3.168946	0.017902	0.013022	0.014302	0.251669	0.000782	0.020337	0.001098	0.213607
3.186531	0.018249	0.013516	0.013036	0.251760	0.000728	0.023120	0.001172	0.214108
3.186233	0.018352	0.013545	0.012211	0.251682	0.000975	0.022300	0.001329	0.213979
3.170079	0.018079	0.013116	0.012628	0.251562	0.000859	0.022093	0.001175	0.214794
3.127126	0.017144	0.012159	0.015048	0.251530	0.000725	0.024093	0.000946	0.218102
3.076269	0.016452	0.010971	0.012036	0.252674	0.000785	0.019536	0.000982	0.225296
3.050829	0.016188	0.010830	0.013591	0.252935	0.000839	0.020050	0.000954	0.228230
3.066620	0.016354	0.010877	0.013116	0.252830	0.000854	0.018107	0.001009	0.226703
3.089746	0.016580	0.011084	0.013526	0.253067	0.000874	0.018081	0.001079	0.229753
3.117658	0.016810	0.011173	0.013113	0.253551	0.000893	0.021825	0.001022	0.230657
3.147442	0.017382	0.012141	0.012524	0.253453	0.000749	0.023489	0.001049	0.226811
3.140421	0.017406	0.012196	0.014276	0.253079	0.000842	0.023400	0.001014	0.227572
3.134073	0.017270	0.012018	0.012715	0.252979	0.000869	0.022337	0.001050	0.230435
3.136675	0.017228	0.011708	0.015050	0.252969	0.000886	0.024399	0.001269	0.231014
3.137393	0.017282	0.011835	0.014809	0.252866	0.000905	0.023773	0.001050	0.228048
3.131242	0.017256	0.011951	0.014161	0.252710	0.000884	0.024939	0.001054	0.227310
3.132952	0.017208	0.011944	0.017436	0.252673	0.000895	0.023519	0.000967	0.228948
3.137676	0.017370	0.012097	0.012891	0.252719	0.000777	0.024677	0.001065	0.228706
3.145742	0.017644	0.012404	0.013137	0.252690	0.000895	0.021990	0.001250	0.226478
3.157784	0.017919	0.012604	0.013606	0.252541	0.000855	0.021010	0.001034	0.225918
3.168590	0.018200	0.012968	0.013051	0.252509	0.000871	0.021191	0.001127	0.225615
3.172879	0.018279	0.013091	0.012135	0.252489	0.000912	0.022089	0.001147	0.225477
3.192639	0.018475	0.013232	0.014551	0.252502	0.000867	0.021529	0.001156	0.224331
3.206295	0.018630	0.013279	0.012687	0.252440	0.000785	0.021486	0.001261	0.223624
3.202739	0.018720	0.013474	0.015145	0.252236	0.000895	0.021529	0.001386	0.223977
3.189384	0.018663	0.013379	0.013486	0.252140	0.000877	0.023483	0.001173	0.224850
3.194612	0.018589	0.013305	0.012604	0.252151	0.000843	0.020894	0.001143	0.224767
3.195782	0.018508	0.013082	0.014459	0.251981	0.000870	0.021521	0.001170	0.223846
3.189793	0.018375	0.013409	0.015870	0.251824	0.000890	0.022114	0.001194	0.223741
3.172764	0.018292	0.013078	0.013643	0.251795	0.000929	0.023066	0.001254	0.224224
3.179554	0.018391	0.013148	0.012919	0.251652	0.000874	0.020826	0.001147	0.223277
3.191927	0.018493	0.013088	0.013289	0.251432	0.000804	0.021599	0.001125	0.222672
3.189421	0.018405	0.013426	0.013925	0.251448	0.000814	0.021095	0.001077	0.222793
3.177772	0.018351	0.013133	0.013956	0.251199	0.000859	0.022703	0.001134	0.223334
3.180155	0.018321	0.013233	0.013239	0.251296	0.000905	0.020711	0.001232	0.222862
3.176137	0.018306	0.012867	0.013803	0.251322	0.000944	0.021315	0.001210	0.223690
3.159045	0.018036	0.013011	0.014311	0.251515	0.000864	0.021817	0.001098	0.224539
3.146047	0.017745	0.012516	0.013721	0.251493	0.000774	0.022692	0.001100	0.225598
3.138337	0.017617	0.012630	0.012820	0.251426	0.000776	0.021621	0.001053	0.225430
3.135472	0.017549	0.012192	0.015131	0.251351	0.000912	0.021013	0.001105	0.226439
3.131609	0.017445	0.012453	0.016551	0.251362	0.000908	0.023623	0.001179	0.227717
3.133348	0.017567	0.012293	0.011963	0.251490	0.000948	0.023570	0.000984	0.228490
3.138367	0.017717	0.012568	0.013498	0.251532	0.000853	0.021620	0.001002	0.228724
3.145064	0.017778	0.012369	0.013651	0.251751	0.000834	0.021701	0.001049	0.228967
3.143543	0.017787	0.012824	0.016234	0.251833	0.000868	0.021568	0.001094	0.228010
3.144591	0.017891	0.012524	0.013821	0.252002	0.000884	0.022139	0.001319	0.228631
3.151035	0.018083	0.012721	0.012707	0.252254	0.000866	0.021312	0.001071	0.229182
3.158552	0.018122	0.012590	0.014422	0.252283	0.000904	0.021454	0.001096	0.229643
3.149014	0.017925	0.012806	0.012956	0.252241	0.000892	0.021846	0.001007	0.230351
3.143533	0.017773	0.012389	0.012778	0.252480	0.000927	0.022800	0.001056	0.232911
3.146035	0.017874	0.012496	0.013849	0.252682	0.000883	0.021414	0.001189	0.233470
3.157977	0.018100	0.012500	0.012820	0.252859	0.001005	0.020744	0.001221	0.232222
3.156549	0.018140	0.012869	0.012394	0.253142	0.000827	0.021593	0.001056	0.231819
3.158520	0.018212	0.012557	0.013955	0.253356	0.000918	0.021984	0.001069	0.231662
3.164495	0.018252	0.012655	0.013555	0.253496	0.000902	0.021442	0.001094	0.231964
3.166462	0.018236	0.012505	0.014411	0.253606	0.000930	0.019683	0.001137	0.233207
3.159814	0.018172	0.012702	0.014473	0.253788	0.000905	0.021879	0.001263	0.233489
3.162575	0.018369	0.012547	0.012741	0.253952	0.000952	0.021552	0.001130	0.232908
3.173320	0.018475	0.012740	0.013500	0.254200	0.000814	0.021260	0.001101	0.232599
3.180453	0.018414	0.012662	0.013647	0.254456	0.000893	0.020511	0.001206	0.232571
3.171890	0.018375	0.012852	0.013934	0.254651	0.000942	0.021933	0.001221	0.232603
3.177016	0.018536	0.012677	0.013921	0.254965	0.000938	0.022046	0.001370	0.232333
3.186534	0.018652	0.012819	0.012577	0.254970	0.000952	0.020407	0.001114	0.231870
3.187736	0.018706	0.012875	0.014923	0.254975	0.000921	0.020998	0.001116	0.231108
3.180058	0.018592	0.013040	0.013925	0.255105	0.000806	0.021996	0.001104	0.230209
3.186811	0.018779	0.012900	0.013569	0.255386	0.000930	0.021565	0.001218	0.229724
3.199368	0.018812	0.013007	0.014397	0.255460	0.000850	0.021386	0.001300	0.228924
3.196926	0.018821	0.013083	0.011564	0.255479	0.000941	0.020690	0.001326	0.228555
3.185803	0.018886	0.013192	0.012007	0.255319	0.000901	0.022460	0.001150	0.228441
3.192233	0.018880	0.013036	0.014721	0.255207	0.000915	0.022170	0.001148	0.227706
3.199832	0.018728	0.013176	0.013572	0.254968	0.000860	0.021068	0.001167	0.227704
3.194388	0.018785	0.013247	0.015309	0.254690	0.000958	0.021120	0.001231	0.227600
3.183450	0.018737	0.013277	0.013963	0.254784	0.000953	0.022084	0.001313	0.227245
3.194538	0.018942	0.013100	0.013244	0.254852	0.000923	0.021366	0.001204	0.226676
3.202832	0.018967	0.013243	0.013691	0.254824	0.000840	0.021551	0.001142	0.226166
3.193066	0.018704	0.013312	0.012689	0.254824	0.000965	0.021704	0.001152	0.226247
3.189859	0.018776	0.013349	0.014307	0.254690	0.000824	0.022120	0.001112	0.226146
3.203049	0.018919	0.013189	0.013058	0.254660	0.000990	0.020960	0.001368	0.225889
3.204161	0.018879	0.013349	0.015643	0.254434	0.000959	0.021333	0.001186	0.225839
3.188696	0.018829	0.013291	0.012380	0.254325	0.000878	0.021852	0.001075	0.225860
3.188848	0.018904	0.013375	0.013124	0.254280	0.000887	0.021432	0.001124	0.225600
3.199952	0.018796	0.013204	0.013731	0.254092	0.000867	0.021464	0.001233	0.225539
3.198418	0.018748	0.013526	0.014824	0.253848	0.000912	0.021796	0.001182	0.225007
3.187183	0.018749	0.013346	0.014504	0.253649	0.000928	0.023113	0.001401	0.224580
3.194375	0.018884	0.013500	0.012545	0.253599	0.000922	0.022030	0.001127	0.224508
3.203413	0.018904	0.013319	0.016188	0.253527	0.000963	0.022121	0.001164	0.224725
3.195291	0.018783	0.013572	0.014030	0.253470	0.000851	0.022587	0.001113	0.224011
3.187657	0.018784	0.013433	0.013755	0.253453	0.000927	0.022307	0.001138	0.223424
3.196079	0.018854	0.013567	0.015156	0.253445	0.001009	0.021816	0.001276	0.223205
3.203373	0.018895	0.013298	0.012304	0.253351	0.000915	0.021991	0.001119	0.223469
3.191715	0.018858	0.013642	0.011965	0.253240	0.000843	0.022242	0.000964	0.223323
3.182102	0.018695	0.013400	0.013977	0.253020	0.000846	0.022619	0.001126	0.223525
3.186290	0.018665	0.013403	0.013085	0.252933	0.000833	0.022053	0.001054	0.223582
3.188943	0.018620	0.013244	0.014910	0.252858	0.000926	0.021363	0.001265	0.223956
3.179274	0.018571	0.013543	0.014051	0.252787	0.000935	0.022333	0.001103	0.223631
3.178413	0.018714	0.013232	0.012194	0.252859	0.000850	0.022785	0.001044	0.223519
3.187551	0.018652	0.013403	0.014665	0.252862	0.000832	0.022008	0.001073	0.223495
3.187881	0.018570	0.013352	0.012223	0.252660	0.000917	0.022401	0.001064	0.223486
3.177795	0.018538	0.013614	0.014543	0.252625	0.000866	0.022569	0.001111	0.223119
3.180903	0.018640	0.013369	0.014114	0.252734	0.000899	0.022795	0.001201	0.222982
3.190727	0.018775	0.013419	0.013043	0.252793	0.000968	0.021346	0.001039	0.222768
3.189397	0.018713	0.013412	0.016270	0.252566	0.000765	0.022644	0.001008	0.223079
3.175567	0.018601	0.013532	0.014102	0.252409	0.000759	0.022310	0.001023	0.222847
3.185041	0.018594	0.013418	0.014412	0.252445	0.000867	0.022898	0.001187	0.222685
3.196309	0.018792	0.013478	0.014985	0.252438	0.000890	0.021910	0.001256	0.222948
3.188437	0.018798	0.013485	0.013354	0.252246	0.000973	0.021120	0.001119	0.223530
3.172797	0.018565	0.013529	0.012383	0.252047	0.000893	0.022561	0.000975	0.223630
3.180012	0.018636	0.013334	0.014428	0.252144	0.000936	0.022702	0.001082	0.223433
3.191143	0.018674	0.013442	0.011282	0.252317	0.000864	0.022748	0.001120	0.223031
3.182785	0.018573	0.013458	0.012607	0.252143	0.000852	0.022063	0.001302	0.223077
3.169894	0.018515	0.013545	0.014247	0.252039	0.000949	0.022788	0.001130	0.223110
3.174580	0.018636	0.013370	0.014258	0.251979	0.000910	0.022355	0.001021	0.222877
3.180193	0.018524	0.013338	0.013619	0.252028	0.000832	0.021976	0.001045	0.223037
3.174184	0.018430	0.013428	0.016727	0.251911	0.000893	0.022545	0.001047	0.222914
3.166505	0.018365	0.013470	0.014412	0.251930	0.000910	0.023436	0.001101	0.222678
3.171413	0.018493	0.013345	0.013033	0.251982	0.000935	0.021664	0.001279	0.222353
3.177178	0.018571	0.013301	0.016532	0.251904	0.000870	0.023182	0.000977	0.222797
3.172020	0.018539	0.013446	0.015114	0.251963	0.000841	0.021726	0.001102	0.222727
3.167405	0.018415	0.013399	0.013644	0.252046	0.000763	0.022920	0.000899	0.222888
3.171288	0.018510	0.013415	0.014003	0.252204	0.000849	0.022787	0.001031	0.222586
3.186432	0.018671	0.013295	0.015840	0.252524	0.000864	0.022317	0.001201	0.222557
3.184158	0.018741	0.013566	0.016432	0.252659	0.000945	0.021671	0.001084	0.222237
3.175450	0.018586	0.013345	0.012647	0.252568	0.000839	0.022920	0.001005	0.222824
3.172658	0.018644	0.013502	0.014832	0.252633	0.000935	0.022977	0.001029	0.222812
3.186684	0.018679	0.013197	0.013803	0.252815	0.000812	0.022723	0.000981	0.223101
3.187579	0.018668	0.013584	0.012325	0.252809	0.000897	0.021489	0.001149	0.222544
3.180773	0.018677	0.013483	0.013280	0.252733	0.000889	0.024050	0.001209	0.222346
3.179308	0.018841	0.013552	0.014977	0.252867	0.000885	0.023154	0.001133	0.222284
3.190694	0.018824	0.013254	0.013361	0.252984	0.000874	0.023012	0.001152	0.223086
3.190367	0.018826	0.013634	0.013611	0.253012	0.000877	0.021300	0.001062	0.222618
3.179941	0.018702	0.013499	0.015231	0.253105	0.000904	0.022725	0.001124	0.222905
3.183348	0.018831	0.013649	0.013428	0.253332	0.000896	0.022630	0.001269	0.222694
3.193712	0.018885	0.013344	0.012761	0.253368	0.000993	0.022184	0.001039	0.223052
3.187918	0.018806	0.013543	0.015821	0.253315	0.000905	0.022640	0.000984	0.223451
3.177726	0.018687	0.013406	0.014978	0.253456	0.000858	0.023300	0.001109	0.223999
3.183480	0.018823	0.013583	0.013416	0.253730	0.000938	0.022513	0.001109	0.223359
3.196168	0.018886	0.013342	0.015338	0.253837	0.000973	0.022813	0.001176	0.223325
3.186194	0.018853	0.013581	0.011154	0.253723	0.000895	0.022719	0.001113	0.223340
3.173525	0.018762	0.013354	0.013612	0.253796	0.000952	0.023443	0.000969	0.223945
3.177702	0.018774	0.013427	0.014327	0.253922	0.000973	0.022668	0.001000	0.224081
3.183278	0.018658	0.013154	0.014861	0.253807	0.000910	0.022485	0.001065	0.224381
3.175695	0.018648	0.013542	0.014757	0.253934	0.000916	0.021843	0.001143	0.224232
3.169358	0.018701	0.013240	0.013468	0.253991	0.000943	0.024180	0.001195	0.224438
3.181277	0.018888	0.013459	0.014785	0.254142	0.000818	0.021895	0.001133	0.224179
3.185028	0.018806	0.013299	0.011630	0.254189	0.000882	0.023070	0.001037	0.224398
3.174969	0.018687	0.013573	0.015085	0.254207	0.000836	0.022939	0.001029	0.224019
3.172194	0.018684	0.013283	0.014285	0.254252	0.000878	0.023596	0.001105	0.223986
3.183115	0.018753	0.013395	0.014418	0.254250	0.000875	0.022028	0.001178	0.223831
3.185718	0.018883	0.013270	0.013662	0.254333	0.000877	0.022667	0.001030	0.224039
3.173822	0.018863	0.013638	0.012301	0.254213	0.000972	0.022365	0.000970	0.223343
3.178465	0.018854	0.013204	0.014262	0.254221	0.000891	0.023377	0.000999	0.223589
3.189306	0.018799	0.013511	0.012107	0.254132	0.000885	0.022895	0.001028	0.223412
3.185697	0.018783	0.013397	0.014618	0.254235	0.000932	0.023229	0.001239	0.223480
3.179843	0.018882	0.013657	0.014175	0.254429	0.000912	0.023181	0.001142	0.222505
3.189382	0.018983	0.013267	0.013901	0.254698	0.000859	0.023155	0.001006	0.222722
3.200534	0.019082	0.013600	0.016619	0.254707	0.000870	0.022510	0.001101	0.222879
3.191065	0.018864	0.013474	0.013398	0.254772	0.000928	0.023192	0.001005	0.223404
3.187578	0.018922	0.013704	0.014838	0.254717	0.000991	0.023519	0.001178	0.222980
3.197733	0.019061	0.013319	0.012506	0.254789	0.000979	0.024024	0.001134	0.223131
3.197351	0.019031	0.013649	0.014541	0.254706	0.000898	0.022147	0.001030	0.223120
3.185107	0.018884	0.013371	0.014433	0.254497	0.000845	0.023306	0.000974	0.223770
3.181239	0.018934	0.013541	0.015020	0.254561	0.000910	0.023579	0.001076	0.223620
3.197725	0.019040	0.013283	0.015031	0.254667	0.000870	0.024080	0.001098	0.223680
3.194105	0.018922	0.013608	0.012765	0.254719	0.000989	0.022596	0.001249	0.223408
3.177708	0.018840	0.013388	0.013162	0.254620	0.000812	0.024270	0.001037	0.224098
3.178443	0.018926	0.013451	0.014764	0.254662	0.000882	0.022982	0.000994	0.224122
3.186933	0.018918	0.013146	0.011692	0.254799	0.000817	0.023379	0.001081	0.224642
3.183560	0.018796	0.013503	0.015417	0.254795	0.001018	0.022537	0.001065	0.224240
3.175586	0.018791	0.013383	0.014930	0.254990	0.000960	0.023855	0.001153	0.224291
3.176195	0.018915	0.013484	0.013201	0.254968	0.000936	0.022944	0.001192	0.224150
3.184312	0.018956	0.013178	0.015116	0.254982	0.000823	0.022936	0.001063	0.224675
3.178489	0.018831	0.013495	0.014825	0.254790	0.000861	0.023021	0.001002	0.224428
3.166760	0.018667	0.013280	0.013915	0.254903	0.000893	0.024468	0.000934	0.224811
3.173653	0.018821	0.013400	0.015267	0.254933	0.001003	0.023456	0.001192	0.224604
3.180453	0.018867	0.013140	0.011671	0.255085	0.000904	0.023414	0.001182	0.224775
3.174321	0.018765	0.013482	0.015106	0.255016	0.000828	0.023267	0.001066	0.224158
3.165417	0.018866	0.013214	0.013186	0.255114	0.000927	0.023604	0.000968	0.224194
3.178962	0.018987	0.013457	0.014627	0.255298	0.000919	0.022985	0.001018	0.223741
3.185045	0.018785	0.013164	0.014671	0.255443	0.000969	0.023667	0.001019	0.223948
3.172262	0.018838	0.013556	0.013380	0.255437	0.001056	0.023582	0.001282	0.223139
3.175956	0.018915	0.013299	0.015033	0.255556	0.000916	0.024508	0.000984	0.222915
3.189566	0.019123	0.013522	0.013287	0.255764	0.000944	0.022648	0.001044	0.222518
3.185694	0.018994	0.013319	0.016249	0.255801	0.000855	0.023756	0.000994	0.222774
3.174571	0.018928	0.013584	0.014409	0.255821	0.000904	0.024254	0.000995	0.222586
3.178011	0.018911	0.013184	0.015303	0.255844	0.000878	0.024435	0.001101	0.223017
3.185988	0.018978	0.013481	0.013715	0.255856	0.000944	0.023236	0.001162	0.222990
3.176484	0.018888	0.013287	0.013019	0.255676	0.000916	0.024798	0.000912	0.223444
3.163339	0.018784	0.013517	0.014603	0.255656	0.000845	0.024524	0.001026	0.223707
3.175324	0.018866	0.013149	0.013338	0.255816	0.000867	0.023632	0.000995	0.224178
3.181954	0.018874	0.013425	0.015858	0.255762	0.000967	0.023076	0.000984	0.223734
3.164970	0.018718	0.013298	0.012102	0.255529	0.000927	0.024082	0.001246	0.224138
3.166110	0.018928	0.013360	0.014973	0.255514	0.000962	0.024430	0.001080	0.224392
3.175644	0.018925	0.013196	0.010853	0.255512	0.000844	0.023582	0.000944	0.224528
3.172972	0.018761	0.013399	0.015548	0.255408	0.000951	0.023004	0.000985	0.224178
3.161830	0.018653	0.013323	0.014552	0.255380	0.000900	0.024578	0.000941	0.224286
3.164429	0.018764	0.013237	0.014814	0.255397	0.000898	0.024622	0.001161	0.224192
3.173427	0.018894	0.013169	0.014829	0.255508	0.000841	0.023516	0.001083	0.224282
3.167661	0.018711	0.013392	0.011139	0.255444	0.000888	0.024518	0.000998	0.224318
3.155775	0.018721	0.013272	0.014367	0.255510	0.000853	0.024219	0.000843	0.224557
3.168927	0.018747	0.013224	0.013636	0.255611	0.000939	0.024379	0.000965	0.224557
3.174126	0.018715	0.013265	0.016736	0.255630	0.000862	0.023834	0.001067	0.224636
3.166057	0.018718	0.013377	0.013419	0.255605	0.000885	0.024642	0.001210	0.224813
3.166433	0.018932	0.013326	0.013829	0.255799	0.000853	0.023823	0.000951	0.224786
3.177431	0.018902	0.013227	0.012766	0.255762	0.000922	0.024249	0.001051	0.224730
3.175005	0.018854	0.013435	0.014029	0.255678	0.000908	0.024446	0.000968	0.224383
3.165534	0.018665	0.013410	0.015375	0.255715	0.000917	0.024893	0.001063	0.223937
3.163742	0.018876	0.013316	0.013494	0.255767	0.000898	0.023813	0.001195	0.223918
3.173665	0.018856	0.013233	0.015801	0.255596	0.000944	0.024311	0.001023	0.224043
3.166745	0.018802	0.013443	0.011502	0.255450	0.000834	0.024725	0.000839	0.223466
3.155663	0.018702	0.013303	0.014443	0.255482	0.000864	0.025324	0.000973	0.223153
3.162002	0.018715	0.013333	0.014414	0.255636	0.000962	0.023863	0.001027	0.222988
3.163843	0.018672	0.013217	0.013004	0.255486	0.000872	0.024184	0.001112	0.223338
3.154412	0.018652	0.013416	0.015722	0.255554	0.000921	0.024918	0.001040	0.223288
3.152581	0.018729	0.013219	0.013183	0.255750	0.000887	0.025116	0.000940	0.223466
3.164455	0.018833	0.013299	0.014948	0.255827	0.000903	0.023398	0.000994	0.223324
3.164805	0.018686	0.013231	0.011562	0.255730	0.000914	0.024648	0.000955	0.223642
3.150889	0.018555	0.013462	0.014414	0.255757	0.000927	0.025078	0.000957	0.223668
3.154853	0.018621	0.013087	0.014114	0.255822	0.000952	0.025491	0.001113	0.224015
3.161535	0.018762	0.013253	0.014044	0.255757	0.000882	0.023439	0.000996	0.223918
3.155185	0.018607	0.013153	0.015331	0.255666	0.000809	0.024798	0.000971	0.224390
3.145298	0.018509	0.013382	0.013230	0.255595	0.000882	0.025071	0.000970	0.224322
3.150779	0.018529	0.013075	0.015147	0.255718	0.000949	0.025616	0.000930	0.224521
3.158010	0.018619	0.013246	0.012712	0.255765	0.001012	0.023993	0.001227	0.224295
3.151508	0.018594	0.013193	0.012275	0.255691	0.000832	0.025632	0.000927	0.224595
3.148849	0.018677	0.013431	0.014019	0.255711	0.000924	0.025499	0.000974	0.224276
3.155194	0.018644	0.012975	0.015960	0.255786	0.000893	0.024406	0.000963	0.224275
3.158128	0.018612	0.013346	0.016003	0.255674	0.001025	0.024429	0.001009	0.224112
3.149466	0.018462	0.013169	0.012990	0.255644	0.001006	0.025261	0.001021	0.224570
3.145600	0.018583	0.013329	0.014478	0.255667	0.001014	0.025282	0.001083	0.224453
3.155493	0.018656	0.012953	0.013030	0.255746	0.000863	0.024831	0.000871	0.224807
3.153108	0.018601	0.013407	0.014975	0.255720	0.000923	0.024204	0.000933	0.224486
3.143688	0.018508	0.013154	0.014196	0.255745	0.000944	0.025728	0.000872	0.224829
3.150525	0.018491	0.013234	0.014571	0.255803	0.000905	0.024846	0.001012	0.224516
3.153075	0.018564	0.013025	0.014906	0.255790	0.000906	0.024837	0.001120	0.224872
3.144431	0.018582	0.013354	0.013872	0.255831	0.000894	0.025458	0.000975	0.224703
3.147690	0.018622	0.013033	0.013915	0.255959	0.000919	0.024837	0.000872	0.225012
3.155628	0.018670	0.013252	0.011987	0.255789	0.000986	0.025459	0.001046	0.224709
3.149402	0.018420	0.013234	0.015511	0.255737	0.000926	0.024811	0.000855	0.224805
3.142828	0.018510	0.013270	0.014398	0.255640	0.000945	0.026088	0.001197	0.224739
3.148217	0.018607	0.013139	0.013672	0.255583	0.000941	0.025230	0.001011	0.225223
3.153591	0.018554	0.013230	0.011182	0.255552	0.000828	0.024542	0.000841	0.225292
3.143184	0.018436	0.013233	0.014437	0.255515	0.000962	0.025503	0.000885	0.225434
3.143776	0.018491	0.013160	0.014359	0.255597	0.000858	0.026743	0.000951	0.225288
3.148499	0.018543	0.013127	0.016410	0.255624	0.000902	0.024911	0.001002	0.225400
