#header text header text texty text text
0.394098	0.001278	0.000590	0.000848	0.558098	0.001416	0.000447	0.000826	0.503856
0.394121	0.001213	0.000907	0.000921	0.558110	0.001461	0.000441	0.000802	0.503761
0.394085	0.001249	0.000666	0.000977	0.558124	0.001505	0.000447	0.000761	0.503753
0.394133	0.001297	0.000677	0.000961	0.558089	0.001394	0.000430	0.000883	0.503827
0.394144	0.001153	0.000903	0.000893	0.558132	0.001428	0.000392	0.000803	0.503791
0.394132	0.001247	0.000575	0.000865	0.558115	0.001641	0.000423	0.000856	0.503879
0.394083	0.001432	0.000788	0.001031	0.558110	0.001716	0.000461	0.000953	0.503902
0.394107	0.001592	0.000854	0.001308	0.558104	0.001414	0.000445	0.000796	0.503896
0.394136	0.001435	0.000525	0.000883	0.558163	0.001463	0.000438	0.000765	0.503865
0.394092	0.001256	0.000827	0.000884	0.558111	0.001520	0.000455	0.000819	0.503898
0.394149	0.001144	0.000796	0.000934	0.558210	0.001489	0.000437	0.000871	0.503888
0.394174	0.001291	0.000596	0.000970	0.558148	0.001422	0.000415	0.000837	0.503915
0.394200	0.001245	0.000802	0.000913	0.558094	0.001531	0.000436	0.000786	0.503974
0.394139	0.001185	0.000786	0.000879	0.558042	0.001823	0.000429	0.000775	0.503905
0.394183	0.001342	0.000723	0.000876	0.558047	0.001452	0.000456	0.000957	0.503871
0.394166	0.001477	0.000828	0.001119	0.558000	0.001403	0.000427	0.000967	0.503931
0.394081	0.001567	0.000685	0.001034	0.558052	0.001518	0.000441	0.000883	0.503804
0.394198	0.001354	0.000874	0.000861	0.558084	0.001483	0.000447	0.000786	0.503893
0.394128	0.001224	0.000745	0.000905	0.558051	0.001432	0.000453	0.000859	0.503925
0.394170	0.001196	0.000687	0.000942	0.558069	0.001458	0.000438	0.000833	0.503937
0.394186	0.001400	0.000717	0.000960	0.558139	0.001797	0.000438	0.000798	0.503924
0.394190	0.001255	0.000779	0.000934	0.558080	0.001544	0.000467	0.000750	0.503986
0.394232	0.001165	0.000746	0.000868	0.558100	0.001432	0.000448	0.000794	0.503945
0.394210	0.001320	0.000667	0.000926	0.558116	0.001445	0.000457	0.000943	0.503932
0.394200	0.001523	0.000819	0.001251	0.558102	0.001498	0.000477	0.000787	0.503982
0.394212	0.001521	0.000772	0.000981	0.558030	0.001435	0.000462	0.000772	0.503990
0.394179	0.001328	0.000626	0.000863	0.558067	0.001455	0.000433	0.000865	0.503983
0.394243	0.001195	0.000800	0.000902	0.558039	0.001692	0.000454	0.000803	0.504007
0.394211	0.001219	0.000762	0.000948	0.558036	0.001637	0.000447	0.000856	0.503995
0.394231	0.001312	0.000714	0.000945	0.558052	0.001404	0.000459	0.000809	0.503966
0.394241	0.001153	0.000844	0.000907	0.558018	0.001458	0.000429	0.000775	0.503877
0.394215	0.001160	0.000594	0.000854	0.557982	0.001477	0.000455	0.000797	0.503972
0.394245	0.001299	0.000818	0.000926	0.557988	0.001411	0.000449	0.000812	0.503827
0.394143	0.001620	0.000821	0.001412	0.557999	0.001453	0.000410	0.000892	0.503840
0.394172	0.001523	0.000565	0.000982	0.558036	0.001591	0.000441	0.000922	0.503861
0.394188	0.001307	0.000897	0.000873	0.557933	0.001726	0.000428	0.000902	0.503835
0.394197	0.001201	0.000704	0.000930	0.558058	0.001484	0.000437	0.000855	0.503773
0.394213	0.001259	0.000651	0.000978	0.557950	0.001397	0.000450	0.000807	0.503855
0.394201	0.001347	0.000937	0.000956	0.557926	0.001552	0.000446	0.000763	0.503890
0.394241	0.001140	0.000591	0.000875	0.557992	0.001502	0.000465	0.000884	0.503776
0.394242	0.001248	0.000759	0.000886	0.558025	0.001400	0.000435	0.000813	0.503703
0.394234	0.001433	0.000878	0.000912	0.558084	0.001535	0.000462	0.000781	0.503716
0.394184	0.001602	0.000518	0.001428	0.558065	0.001841	0.000435	0.000814	0.503869
0.394202	0.001477	0.000848	0.000896	0.558068	0.001493	0.000429	0.000895	0.503905
0.394200	0.001264	0.000831	0.000867	0.558086	0.001390	0.000405	0.000864	0.503902
0.394162	0.001137	0.000509	0.000919	0.558128	0.001510	0.000438	0.000835	0.503853
0.394211	0.001278	0.000882	0.000977	0.558025	0.001507	0.000436	0.000770	0.503752
0.394228	0.001271	0.000744	0.000950	0.557947	0.001417	0.000411	0.000825	0.503740
0.394277	0.001188	0.000574	0.000892	0.557959	0.001469	0.000416	0.000871	0.503779
0.394351	0.001298	0.000864	0.000917	0.558048	0.001800	0.000434	0.000955	0.503829
0.394251	0.001454	0.000677	0.001080	0.558104	0.001522	0.000473	0.000805	0.503845
0.394297	0.001568	0.000710	0.001181	0.558223	0.001410	0.000426	0.000847	0.503807
0.394307	0.001421	0.000849	0.000886	0.558304	0.001457	0.000434	0.000800	0.503761
0.394233	0.001248	0.000640	0.000900	0.558221	0.001486	0.000444	0.000830	0.503802
0.394205	0.001188	0.000802	0.000942	0.558294	0.001432	0.000449	0.000871	0.503744
0.394149	0.001327	0.000838	0.000990	0.558278	0.001432	0.000452	0.000828	0.503684
0.394194	0.001258	0.000634	0.000932	0.558103	0.001693	0.000404	0.000892	0.503701
0.394238	0.001158	0.000784	0.000877	0.558160	0.001597	0.000480	0.000865	0.503697
0.394253	0.001329	0.000785	0.000871	0.558249	0.001406	0.000440	0.000816	0.503725
0.394272	0.001435	0.000649	0.001153	0.558216	0.001451	0.000401	0.000838	0.503838
0.394226	0.001581	0.000720	0.001070	0.558180	0.001491	0.000451	0.000828	0.503898
0.394275	0.001431	0.000793	0.000845	0.558234	0.001443	0.000443	0.000828	0.503924
0.394249	0.001232	0.000744	0.000890	0.558242	0.001422	0.000467	0.000889	0.503902
0.394253	0.001209	0.000728	0.000960	0.558171	0.001658	0.000441	0.000875	0.503851
0.394263	0.001323	0.000784	0.000971	0.558147	0.001735	0.000434	0.000834	0.503774
0.394222	0.001173	0.000795	0.000935	0.558151	0.001460	0.000430	0.000751	0.503825
0.394344	0.001153	0.000728	0.000867	0.558190	0.001444	0.000430	0.000939	0.503902
0.394303	0.001305	0.000763	0.000883	0.558138	0.001516	0.000437	0.000808	0.503803
0.394349	0.001560	0.000628	0.001457	0.558205	0.001520	0.000411	0.000845	0.503673
0.394334	0.001555	0.000796	0.001010	0.558263	0.001437	0.000432	0.000868	0.503776
0.394275	0.001331	0.000798	0.000838	0.558264	0.001508	0.000412	0.000795	0.503900
0.394249	0.001143	0.000634	0.000888	0.558252	0.001849	0.000429	0.000829	0.503836
0.394229	0.001182	0.000824	0.000947	0.558262	0.001481	0.000419	0.000850	0.503811
0.394199	0.001373	0.000757	0.000954	0.558380	0.001384	0.000462	0.000874	0.503774
0.394258	0.001192	0.000619	0.000908	0.558383	0.001486	0.000453	0.000879	0.503792
0.394272	0.001243	0.000870	0.000864	0.558423	0.001498	0.000437	0.000844	0.503847
0.394231	0.001383	0.000641	0.000903	0.558329	0.001457	0.000450	0.000795	0.503792
0.394330	0.001554	0.000716	0.001586	0.558297	0.001492	0.000461	0.000805	0.503821
0.394303	0.001519	0.000869	0.000943	0.558273	0.001801	0.000462	0.000824	0.503838
