#header text header text texty text text
0.418833	0.001269	0.000899	0.000933	0.580289	0.001631	0.000478	0.000846	0.512192
0.418847	0.001226	0.000626	0.000991	0.580281	0.001683	0.000487	0.000862	0.512180
0.418904	0.001450	0.000836	0.001009	0.580343	0.001611	0.000461	0.000877	0.512263
0.418913	0.001305	0.000886	0.000947	0.580318	0.001625	0.000438	0.000867	0.512216
0.418940	0.001231	0.000635	0.000923	0.580415	0.001854	0.000460	0.000885	0.512227
0.418861	0.001379	0.000867	0.000905	0.580367	0.001656	0.000447	0.000917	0.512167
0.418842	0.001606	0.000845	0.001207	0.580408	0.001438	0.000446	0.000989	0.512182
0.418830	0.001643	0.000675	0.001056	0.580240	0.001719	0.000442	0.000922	0.512108
0.418850	0.001407	0.000861	0.000895	0.580424	0.001771	0.000452	0.000848	0.512214
0.418845	0.001227	0.000812	0.000948	0.580448	0.001717	0.000481	0.000897	0.512268
0.418908	0.001231	0.000688	0.000954	0.580492	0.001501	0.000458	0.000883	0.512389
0.418913	0.001394	0.000795	0.000945	0.580424	0.001872	0.000481	0.000847	0.512358
0.418877	0.001215	0.000790	0.000981	0.580500	0.001710	0.000473	0.000881	0.512300
0.418956	0.001290	0.000747	0.000888	0.580317	0.001515	0.000477	0.000897	0.512306
0.418933	0.001472	0.000766	0.000946	0.580565	0.001563	0.000450	0.001020	0.512301
0.418874	0.001638	0.000827	0.001205	0.580450	0.001432	0.000460	0.000886	0.512248
0.418912	0.001618	0.000780	0.001025	0.580313	0.001638	0.000477	0.000893	0.512283
0.418911	0.001353	0.000743	0.000893	0.580602	0.001549	0.000464	0.000887	0.512311
0.418855	0.001212	0.000800	0.000889	0.580407	0.001627	0.000462	0.000868	0.512288
0.418850	0.001292	0.000803	0.000931	0.580322	0.001851	0.000454	0.000841	0.512306
0.418866	0.001379	0.000664	0.000949	0.580222	0.001602	0.000489	0.000836	0.512266
0.418874	0.001232	0.000792	0.000930	0.580269	0.001667	0.000478	0.000854	0.512311
0.418988	0.001319	0.000851	0.000922	0.580331	0.001757	0.000467	0.000920	0.512267
0.418912	0.001551	0.000628	0.001004	0.580495	0.001580	0.000465	0.000911	0.512249
0.418928	0.001630	0.000833	0.001164	0.580282	0.001471	0.000480	0.000846	0.512264
0.418991	0.001495	0.000812	0.000941	0.580393	0.001647	0.000492	0.000863	0.512206
0.418969	0.001333	0.000630	0.000888	0.580168	0.001993	0.000468	0.000865	0.512203
0.418938	0.001272	0.000911	0.000953	0.580134	0.001582	0.000448	0.000808	0.512259
0.418841	0.001344	0.000811	0.001003	0.580269	0.001568	0.000463	0.000837	0.512276
0.418957	0.001323	0.000638	0.000990	0.580404	0.001438	0.000475	0.000852	0.512155
0.418969	0.001251	0.000926	0.000904	0.580193	0.001612	0.000454	0.000886	0.512077
0.418890	0.001355	0.000764	0.000921	0.580494	0.001660	0.000438	0.000893	0.511997
0.418929	0.001552	0.000628	0.001091	0.580447	0.001510	0.000476	0.000885	0.512016
0.418999	0.001669	0.000970	0.001220	0.580282	0.001794	0.000481	0.000869	0.512123
0.418996	0.001466	0.000682	0.000894	0.580330	0.001614	0.000461	0.000828	0.512108
0.418981	0.001344	0.000716	0.000921	0.580477	0.001617	0.000480	0.000836	0.512111
0.418994	0.001252	0.000969	0.000952	0.580354	0.001561	0.000503	0.000819	0.512137
0.419036	0.001410	0.000631	0.001029	0.580371	0.001708	0.000466	0.000850	0.512153
0.419010	0.001284	0.000753	0.000928	0.580310	0.001405	0.000470	0.000877	0.512237
0.418972	0.001232	0.000962	0.000927	0.580283	0.001576	0.000466	0.000903	0.512287
0.418942	0.001379	0.000643	0.000933	0.580437	0.001695	0.000452	0.000881	0.512192
0.418978	0.001620	0.000787	0.001355	0.580167	0.001729	0.000471	0.000959	0.512206
0.418980	0.001644	0.000930	0.001065	0.580308	0.001574	0.000445	0.000872	0.512125
0.418974	0.001417	0.000631	0.000887	0.580429	0.001476	0.000461	0.000857	0.512168
0.418982	0.001275	0.000833	0.000889	0.580360	0.001507	0.000499	0.000819	0.512057
0.419010	0.001246	0.000891	0.001000	0.580174	0.001633	0.000461	0.000884	0.512202
0.419075	0.001447	0.000613	0.001001	0.580183	0.001527	0.000444	0.000889	0.512165
0.419019	0.001206	0.000827	0.000965	0.580487	0.001633	0.000472	0.000851	0.512111
0.419074	0.001252	0.000851	0.000875	0.580355	0.001927	0.000456	0.000850	0.512111
0.418998	0.001448	0.000680	0.000901	0.580379	0.001601	0.000472	0.000958	0.512064
0.418990	0.001684	0.000842	0.001217	0.580479	0.001405	0.000457	0.000981	0.512047
0.418983	0.001617	0.000828	0.001040	0.580134	0.001566	0.000464	0.000912	0.512032
0.418935	0.001359	0.000723	0.000921	0.580144	0.001650	0.000488	0.000862	0.511941
0.419000	0.001217	0.000817	0.000969	0.580251	0.001594	0.000471	0.000887	0.512032
0.419037	0.001306	0.000792	0.001022	0.580241	0.001644	0.000468	0.000890	0.511944
0.419013	0.001405	0.000721	0.000988	0.580252	0.001818	0.000498	0.000856	0.511992
0.419046	0.001223	0.000847	0.000963	0.580377	0.001610	0.000510	0.000841	0.511926
0.419011	0.001317	0.000792	0.000947	0.580404	0.001433	0.000463	0.000914	0.512028
0.419093	0.001514	0.000767	0.001024	0.580341	0.001472	0.000461	0.001004	0.512066
0.419090	0.001628	0.000840	0.001130	0.580230	0.001534	0.000448	0.000826	0.512009
0.419057	0.001513	0.000731	0.000961	0.580181	0.001524	0.000476	0.000886	0.512007
0.418997	0.001262	0.000789	0.000909	0.580145	0.001580	0.000483	0.000881	0.511812
0.419051	0.001226	0.000792	0.000992	0.580142	0.001810	0.000443	0.000868	0.511863
0.419018	0.001389	0.000753	0.001036	0.580345	0.001762	0.000453	0.000839	0.511853
0.418974	0.001331	0.000847	0.000957	0.580332	0.001435	0.000479	0.000799	0.511895
0.419017	0.001217	0.000770	0.000889	0.580148	0.001614	0.000480	0.000882	0.511904
0.418932	0.001329	0.000714	0.000917	0.580339	0.001645	0.000440	0.000899	0.511931
0.419002	0.001507	0.000877	0.000999	0.580261	0.001459	0.000460	0.000876	0.511949
0.418997	0.001673	0.000832	0.001313	0.580259	0.001481	0.000455	0.000875	0.512044
0.419069	0.001460	0.000665	0.000945	0.580328	0.001678	0.000507	0.000895	0.512119
0.419028	0.001301	0.000893	0.000909	0.580167	0.001805	0.000484	0.000873	0.512128
0.419037	0.001212	0.000782	0.000949	0.580095	0.001563	0.000465	0.000815	0.512100
0.419049	0.001390	0.000633	0.000982	0.580122	0.001602	0.000463	0.000845	0.512003
0.419077	0.001286	0.000917	0.000938	0.580170	0.001667	0.000481	0.000856	0.512111
0.419055	0.001240	0.000739	0.000892	0.580231	0.001647	0.000473	0.000880	0.512058
0.419097	0.001392	0.000641	0.000922	0.580386	0.001631	0.000440	0.000889	0.511994
0.419068	0.001595	0.000947	0.001193	0.580493	0.001661	0.000475	0.000880	0.512151
0.419054	0.001648	0.000707	0.001119	0.580365	0.002110	0.000472	0.000888	0.512186
0.418975	0.001447	0.000674	0.000926	0.580190	0.001525	0.000493	0.000865	0.512263
