#header text header text texty text text
0.422057	0.001252	0.000762	0.001007	0.585073	0.001646	0.000476	0.000866	0.513390
0.422014	0.001338	0.000938	0.000930	0.584678	0.001591	0.000462	0.000874	0.513229
0.422041	0.001557	0.000612	0.000984	0.584649	0.001459	0.000457	0.000863	0.513282
0.422055	0.001704	0.000755	0.001084	0.584864	0.001605	0.000486	0.000905	0.513220
0.422045	0.001524	0.000883	0.000884	0.584898	0.001612	0.000474	0.000871	0.513255
0.422086	0.001354	0.000559	0.000916	0.584993	0.001461	0.000483	0.000863	0.513357
0.422092	0.001235	0.000893	0.000946	0.585071	0.001530	0.000461	0.000846	0.513331
0.422048	0.001383	0.000795	0.001105	0.585056	0.001720	0.000501	0.000888	0.513337
0.422073	0.001321	0.000593	0.001024	0.584801	0.001680	0.000443	0.000890	0.513315
0.422100	0.001256	0.000938	0.000884	0.584681	0.001508	0.000438	0.000889	0.513368
0.422088	0.001341	0.000713	0.000858	0.584757	0.001561	0.000474	0.000907	0.513408
0.422147	0.001593	0.000727	0.000973	0.584853	0.001708	0.000476	0.000951	0.513399
0.422129	0.001706	0.000943	0.001880	0.584901	0.001517	0.000450	0.000933	0.513324
0.422121	0.001475	0.000609	0.000990	0.584696	0.001703	0.000473	0.000900	0.513294
0.422138	0.001278	0.000861	0.000903	0.584527	0.001604	0.000461	0.000838	0.513273
0.422218	0.001293	0.000848	0.000901	0.584765	0.001468	0.000466	0.000877	0.513317
0.422170	0.001437	0.000570	0.001116	0.584915	0.001588	0.000461	0.000902	0.513338
0.422188	0.001302	0.000870	0.000940	0.584677	0.001640	0.000466	0.000888	0.513298
0.422135	0.001241	0.000799	0.000974	0.584939	0.001942	0.000466	0.000892	0.513241
0.422061	0.001395	0.000684	0.001001	0.584631	0.001545	0.000466	0.000998	0.513243
0.422191	0.001636	0.000832	0.001153	0.584964	0.001584	0.000488	0.000971	0.513217
0.422194	0.001660	0.000739	0.000886	0.584760	0.001467	0.000472	0.000898	0.513249
0.422249	0.001433	0.000819	0.000937	0.584760	0.001725	0.000461	0.000852	0.513274
0.422228	0.001312	0.000776	0.000959	0.585030	0.001547	0.000510	0.000887	0.513200
0.422192	0.001241	0.000692	0.000934	0.584757	0.001452	0.000445	0.000917	0.513258
0.422244	0.001421	0.000821	0.001048	0.584767	0.001994	0.000452	0.000869	0.513269
0.422166	0.001276	0.000761	0.000989	0.585065	0.001629	0.000463	0.000857	0.513216
0.422147	0.001281	0.000717	0.000908	0.584634	0.001496	0.000461	0.000897	0.513305
0.422120	0.001475	0.000784	0.001023	0.584837	0.001621	0.000452	0.000933	0.513278
0.422179	0.001664	0.000789	0.001175	0.585029	0.001589	0.000486	0.000885	0.513226
0.422170	0.001559	0.000815	0.000922	0.584763	0.001574	0.000463	0.000849	0.513299
0.422197	0.001366	0.000736	0.000908	0.584992	0.001387	0.000476	0.000896	0.513360
0.422169	0.001246	0.000807	0.001027	0.584889	0.001910	0.000457	0.000885	0.513326
0.422165	0.001290	0.000814	0.000954	0.584990	0.001648	0.000479	0.000859	0.513339
0.422147	0.001395	0.000707	0.000926	0.584786	0.001358	0.000477	0.000842	0.513247
0.422165	0.001254	0.000786	0.000941	0.584767	0.001565	0.000463	0.000878	0.513270
0.422226	0.001335	0.000854	0.000987	0.584944	0.001731	0.000480	0.000904	0.513087
0.422127	0.001516	0.000623	0.000908	0.584929	0.001491	0.000483	0.000914	0.513161
0.422130	0.001694	0.000847	0.001074	0.584624	0.001558	0.000482	0.000876	0.513160
0.422124	0.001501	0.000826	0.000990	0.584874	0.001795	0.000495	0.000848	0.513197
0.422135	0.001359	0.000629	0.000895	0.584963	0.001752	0.000465	0.000849	0.513244
0.422124	0.001254	0.000902	0.000965	0.584661	0.001515	0.000451	0.000872	0.513283
0.422187	0.001360	0.000789	0.000958	0.585109	0.001401	0.000463	0.000868	0.513265
0.422221	0.001387	0.000616	0.001075	0.584914	0.001676	0.000475	0.000845	0.513224
0.422187	0.001290	0.000888	0.000902	0.584952	0.001430	0.000463	0.000884	0.513262
0.422257	0.001320	0.000769	0.000959	0.584876	0.001624	0.000452	0.000875	0.513178
0.422171	0.001541	0.000707	0.000869	0.585070	0.001446	0.000492	0.000883	0.513270
0.422166	0.001678	0.000931	0.000956	0.584691	0.001835	0.000464	0.000882	0.513297
0.422129	0.001478	0.000627	0.001037	0.584968	0.001687	0.000477	0.000843	0.513272
0.422085	0.001353	0.000745	0.000856	0.584758	0.001460	0.000483	0.000809	0.513243
0.422094	0.001271	0.000877	0.001043	0.585012	0.001669	0.000486	0.000839	0.513221
0.422118	0.001412	0.000597	0.000938	0.584643	0.001577	0.000513	0.000862	0.513208
0.422136	0.001347	0.000809	0.001017	0.584950	0.001484	0.000479	0.000880	0.513277
0.422209	0.001262	0.000881	0.001010	0.584810	0.001697	0.000445	0.000898	0.513232
0.422199	0.001390	0.000614	0.000951	0.584701	0.001855	0.000467	0.000864	0.513282
0.422199	0.001603	0.000820	0.001021	0.585093	0.001708	0.000461	0.000914	0.513277
0.422200	0.001708	0.000813	0.001042	0.584774	0.001614	0.000440	0.000980	0.513316
0.422181	0.001487	0.000600	0.000869	0.584620	0.001527	0.000445	0.000845	0.513346
0.422197	0.001290	0.000864	0.000941	0.585010	0.001580	0.000452	0.000846	0.513272
0.422160	0.001241	0.000747	0.001015	0.584604	0.001616	0.000480	0.000881	0.513274
0.422209	0.001453	0.000674	0.001005	0.584841	0.001470	0.000457	0.000895	0.513377
0.422179	0.001245	0.000857	0.001016	0.584634	0.001884	0.000467	0.000883	0.513425
0.422168	0.001279	0.000731	0.000877	0.584641	0.001676	0.000480	0.000873	0.513337
0.422185	0.001462	0.000784	0.001016	0.584851	0.001661	0.000483	0.001004	0.513199
0.422142	0.001685	0.000804	0.001177	0.584595	0.001518	0.000482	0.000995	0.513355
0.422179	0.001652	0.000749	0.000967	0.584782	0.001538	0.000484	0.000861	0.513205
0.422189	0.001409	0.000899	0.000951	0.584941	0.001486	0.000453	0.000884	0.513286
0.422221	0.001227	0.000798	0.001015	0.584709	0.001672	0.000482	0.000861	0.513343
0.422183	0.001268	0.000749	0.000908	0.584643	0.001554	0.000455	0.000884	0.513216
0.422180	0.001428	0.000803	0.001091	0.584878	0.001934	0.000456	0.000840	0.513205
0.422177	0.001264	0.000764	0.000940	0.584442	0.001620	0.000478	0.000872	0.513263
0.422100	0.001305	0.000732	0.000923	0.584490	0.001545	0.000477	0.000952	0.513169
0.422170	0.001508	0.000745	0.000906	0.584786	0.001535	0.000477	0.000955	0.513218
0.422164	0.001688	0.000774	0.001468	0.584701	0.001684	0.000471	0.000863	0.513264
0.422196	0.001559	0.000811	0.000917	0.584665	0.001400	0.000468	0.000875	0.513337
0.422132	0.001382	0.000752	0.000947	0.584917	0.001558	0.000498	0.000885	0.513330
0.422203	0.001237	0.000784	0.001035	0.584576	0.002009	0.000441	0.000866	0.513205
0.422162	0.001335	0.000874	0.000909	0.584560	0.001489	0.000464	0.000828	0.513185
0.422233	0.001358	0.000713	0.001029	0.584895	0.001465	0.000476	0.000828	0.513225
