#header text header text texty text text
2.863368	0.014886	0.010582	0.010520	0.219407	0.000557	0.014417	0.000750	0.175100
2.865203	0.014881	0.010507	0.011561	0.219480	0.000503	0.013683	0.000758	0.175163
2.866471	0.014844	0.010512	0.011194	0.219639	0.000516	0.013795	0.000789	0.175057
2.865356	0.014914	0.010569	0.011024	0.219655	0.000485	0.015857	0.000953	0.175217
2.863129	0.014969	0.010433	0.011250	0.219702	0.000496	0.014551	0.000850	0.175104
2.865062	0.014987	0.010546	0.010659	0.219688	0.000535	0.015800	0.000770	0.175290
2.867264	0.014892	0.010573	0.010979	0.219723	0.000515	0.014515	0.000804	0.175093
2.865392	0.014886	0.010677	0.011571	0.219779	0.000498	0.015319	0.000771	0.175299
2.863813	0.014879	0.010649	0.011481	0.219840	0.000509	0.014870	0.000886	0.175167
2.864218	0.014879	0.010584	0.010599	0.219850	0.000558	0.014980	0.000931	0.175330
2.865983	0.015011	0.010466	0.010888	0.219866	0.000575	0.015093	0.000786	0.175147
2.865792	0.015003	0.010622	0.010824	0.219889	0.000491	0.016053	0.000813	0.175250
2.863037	0.014921	0.010661	0.011201	0.219917	0.000486	0.015700	0.000762	0.175190
2.863259	0.014884	0.010470	0.011672	0.219984	0.000525	0.016185	0.000846	0.175293
2.865622	0.014947	0.010614	0.010899	0.219930	0.000507	0.015246	0.001023	0.175286
2.866355	0.014997	0.010664	0.010757	0.220019	0.000515	0.016822	0.000857	0.175291
2.864633	0.014935	0.010502	0.010465	0.220025	0.000517	0.015830	0.000772	0.175291
2.862825	0.014937	0.010512	0.011158	0.220077	0.000564	0.016702	0.000768	0.175182
2.863870	0.014830	0.010615	0.011534	0.220072	0.000524	0.016419	0.000751	0.175424
2.865094	0.014979	0.010565	0.010952	0.220155	0.000546	0.016471	0.000995	0.175206
2.864387	0.014970	0.010620	0.010752	0.220053	0.000508	0.015960	0.000875	0.175367
2.862134	0.014983	0.010549	0.011139	0.220127	0.000542	0.013836	0.000862	0.175233
2.863386	0.014956	0.010584	0.010694	0.220117	0.000489	0.016165	0.000788	0.175408
2.864665	0.014906	0.010469	0.011279	0.220151	0.000544	0.016294	0.000738	0.175303
2.864121	0.014953	0.010712	0.011707	0.220125	0.000478	0.015429	0.000878	0.175442
2.862845	0.014874	0.010512	0.011075	0.220197	0.000484	0.014156	0.000999	0.175335
2.862997	0.015005	0.010530	0.011052	0.220123	0.000554	0.015682	0.000807	0.175461
2.865146	0.014977	0.010524	0.010905	0.220195	0.000547	0.015394	0.000848	0.175349
2.864599	0.014895	0.010548	0.011105	0.220182	0.000506	0.015416	0.000774	0.175489
2.862294	0.014880	0.010666	0.011451	0.220242	0.000485	0.015984	0.000870	0.175334
2.864701	0.014999	0.010479	0.010992	0.220286	0.000521	0.015547	0.000979	0.175509
2.867319	0.015035	0.010677	0.010823	0.220261	0.000503	0.015294	0.000812	0.175360
2.868217	0.015084	0.010650	0.010597	0.220230	0.000551	0.015365	0.000816	0.175375
2.865551	0.014950	0.010551	0.010995	0.220248	0.000498	0.015973	0.000816	0.175371
2.864134	0.014868	0.010579	0.011455	0.220335	0.000486	0.014652	0.000786	0.175460
2.865292	0.015042	0.010623	0.011057	0.220264	0.000487	0.016569	0.000934	0.175453
2.866594	0.015083	0.010531	0.010390	0.220324	0.000468	0.015046	0.000875	0.175368
2.866279	0.015006	0.010571	0.010624	0.220311	0.000483	0.015181	0.000847	0.175499
2.862148	0.014952	0.010490	0.010865	0.220310	0.000539	0.014789	0.000777	0.175398
2.858205	0.014810	0.010469	0.011711	0.220328	0.000529	0.015050	0.000775	0.175589
2.858201	0.014900	0.010555	0.011159	0.220369	0.000470	0.015218	0.000908	0.175480
2.859958	0.014972	0.010489	0.010982	0.220301	0.000465	0.014727	0.000995	0.175625
2.858095	0.014931	0.010622	0.010536	0.220425	0.000501	0.013932	0.000866	0.175481
2.858831	0.014993	0.010541	0.011271	0.220397	0.000491	0.014449	0.000805	0.175578
2.861680	0.014826	0.010566	0.011096	0.220422	0.000501	0.015189	0.000765	0.175502
2.862278	0.014985	0.010593	0.011333	0.220367	0.000553	0.014711	0.000834	0.175570
2.861465	0.014981	0.010638	0.011035	0.220424	0.000496	0.015600	0.000985	0.175576
2.861235	0.015036	0.010510	0.010798	0.220475	0.000513	0.016473	0.000884	0.175607
2.867750	0.014956	0.010570	0.010754	0.220407	0.000559	0.016650	0.000765	0.175549
2.871359	0.014909	0.010599	0.011076	0.220481	0.000521	0.017140	0.000769	0.175547
2.871371	0.015000	0.010706	0.011475	0.220488	0.000500	0.016286	0.000847	0.175525
2.868904	0.014957	0.010623	0.011122	0.220549	0.000542	0.015272	0.000934	0.175527
2.867043	0.015065	0.010648	0.010974	0.220479	0.000508	0.015023	0.000920	0.175697
2.869180	0.014983	0.010519	0.010646	0.220530	0.000538	0.015393	0.000788	0.175549
2.872245	0.015009	0.010679	0.010623	0.220497	0.000507	0.015327	0.000812	0.175612
2.866937	0.015007	0.010686	0.011773	0.220519	0.000467	0.015405	0.000859	0.175540
2.860527	0.014882	0.010530	0.011213	0.220587	0.000519	0.016010	0.000877	0.175748
2.857905	0.014976	0.010611	0.010614	0.220586	0.000510	0.015903	0.000972	0.175595
2.858845	0.014939	0.010597	0.011078	0.220531	0.000516	0.015203	0.000851	0.175774
2.871589	0.015013	0.010664	0.010747	0.220541	0.000505	0.015471	0.000818	0.175572
2.872099	0.015024	0.010683	0.011157	0.220517	0.000528	0.016617	0.000798	0.175820
2.876437	0.014981	0.010551	0.011544	0.220586	0.000478	0.016181	0.000817	0.175764
2.876700	0.015059	0.010631	0.010816	0.220637	0.000548	0.014430	0.000972	0.176022
2.874803	0.015143	0.010512	0.010424	0.220728	0.000506	0.013499	0.000917	0.176034
2.872535	0.015038	0.010606	0.010924	0.220726	0.000572	0.015538	0.000853	0.176380
2.872757	0.014961	0.010482	0.010966	0.220823	0.000513	0.013813	0.000833	0.176448
2.872683	0.015065	0.010490	0.011695	0.220908	0.000495	0.015068	0.000818	0.176640
2.869791	0.015077	0.010510	0.011469	0.221002	0.000446	0.016425	0.001004	0.176728
2.868232	0.015011	0.010399	0.010759	0.220976	0.000471	0.014288	0.000946	0.176893
2.868579	0.015069	0.010450	0.010512	0.221010	0.000497	0.015445	0.000879	0.177138
2.867885	0.014972	0.010325	0.010939	0.221055	0.000505	0.016904	0.000821	0.177310
2.867369	0.014974	0.010467	0.011347	0.221082	0.000465	0.015144	0.000798	0.177442
2.867210	0.014950	0.010272	0.011656	0.221035	0.000547	0.015984	0.000869	0.177333
2.864820	0.014909	0.010219	0.010953	0.220995	0.000454	0.015043	0.000986	0.177667
2.864157	0.014988	0.010253	0.010708	0.220970	0.000497	0.014097	0.000837	0.177618
2.863818	0.014960	0.010325	0.010816	0.220975	0.000544	0.015314	0.000848	0.177855
2.864466	0.014965	0.010368	0.011094	0.220858	0.000514	0.015001	0.000866	0.177657
2.863098	0.014903	0.010236	0.011420	0.220815	0.000487	0.016774	0.000848	0.177772
2.861097	0.014836	0.010225	0.011104	0.220791	0.000502	0.016468	0.001001	0.177763
2.861523	0.015058	0.010148	0.010992	0.220773	0.000535	0.014939	0.000854	0.177893
2.863873	0.014930	0.010170	0.010747	0.220771	0.000553	0.016575	0.000812	0.177895
2.862547	0.014906	0.010236	0.011112	0.220806	0.000531	0.015945	0.000839	0.177834
2.860775	0.014836	0.010210	0.011288	0.220769	0.000521	0.014860	0.000748	0.178043
2.859762	0.014928	0.010170	0.011449	0.220714	0.000495	0.014628	0.000947	0.177967
2.863173	0.015063	0.010197	0.010868	0.220698	0.000517	0.015317	0.000929	0.178105
2.864047	0.014936	0.010152	0.011146	0.220740	0.000527	0.015577	0.000789	0.177968
2.861654	0.014921	0.010232	0.011134	0.220644	0.000539	0.015401	0.000799	0.178196
2.862092	0.014853	0.010120	0.011528	0.220646	0.000454	0.016105	0.000828	0.178142
2.865432	0.014797	0.010110	0.011557	0.220579	0.000479	0.015247	0.000850	0.178340
2.866856	0.014901	0.010146	0.010570	0.220621	0.000534	0.014260	0.001036	0.178345
2.866081	0.015004	0.010116	0.011198	0.220629	0.000520	0.015213	0.000886	0.178325
2.866362	0.014929	0.010238	0.010864	0.220643	0.000561	0.015649	0.000817	0.178416
2.867053	0.014955	0.009954	0.010840	0.220644	0.000460	0.014675	0.000817	0.178554
2.869946	0.014926	0.010036	0.011288	0.220593	0.000508	0.015389	0.000804	0.178691
2.871148	0.014963	0.009856	0.010680	0.220596	0.000471	0.015220	0.000941	0.178754
2.870203	0.014994	0.009710	0.011089	0.220620	0.000471	0.014934	0.000867	0.179085
2.873105	0.014981	0.009571	0.011294	0.220585	0.000575	0.014643	0.000821	0.179065
2.878481	0.014926	0.009516	0.010858	0.220599	0.000515	0.015012	0.000873	0.179198
2.882881	0.014990	0.009415	0.011371	0.220633	0.000485	0.014855	0.000814	0.179164
2.889437	0.015010	0.009349	0.011246	0.220702	0.000510	0.015172	0.000901	0.179373
2.892614	0.014985	0.009068	0.010876	0.220722	0.000502	0.015302	0.000971	0.179294
2.897793	0.014968	0.008629	0.010510	0.220662	0.000601	0.014846	0.000829	0.179498
2.900930	0.015017	0.008447	0.010552	0.220620	0.000550	0.014386	0.000793	0.179522
2.913692	0.014935	0.008018	0.011222	0.220585	0.000458	0.014448	0.000848	0.179602
2.936528	0.014912	0.007853	0.011479	0.220610	0.000497	0.014283	0.000884	0.179524
2.954891	0.015108	0.007654	0.010687	0.220724	0.000512	0.013656	0.001054	0.179427
2.959344	0.015184	0.007617	0.010658	0.220617	0.000523	0.013520	0.000891	0.179381
2.954306	0.015005	0.007571	0.010712	0.220453	0.000510	0.014326	0.000846	0.179265
2.950859	0.015030	0.007606	0.011235	0.220440	0.000489	0.014025	0.000861	0.179305
2.951761	0.014951	0.007580	0.011403	0.220490	0.000506	0.013872	0.000890	0.179246
2.956586	0.014992	0.007520	0.010937	0.220354	0.000481	0.014240	0.001036	0.179417
2.972912	0.015301	0.007705	0.010856	0.220424	0.000493	0.014182	0.000975	0.179084
2.979951	0.015108	0.007672	0.011010	0.220417	0.000529	0.014870	0.000919	0.179036
2.981185	0.015210	0.007752	0.010570	0.220386	0.000485	0.013889	0.000900	0.178738
2.973247	0.015104	0.007673	0.011632	0.220457	0.000496	0.014419	0.000795	0.178892
2.974230	0.015213	0.007661	0.010693	0.220438	0.000482	0.014136	0.000959	0.178882
2.973727	0.015127	0.007721	0.010522	0.220458	0.000541	0.012946	0.001014	0.178966
2.968036	0.015119	0.007644	0.010773	0.220438	0.000545	0.014283	0.000886	0.179117
2.968207	0.015159	0.007681	0.011162	0.220472	0.000509	0.014519	0.000893	0.179160
2.985589	0.015180	0.007617	0.011010	0.220536	0.000494	0.013993	0.000850	0.179201
2.997719	0.015297	0.007759	0.011186	0.220617	0.000492	0.014687	0.000911	0.179019
3.001277	0.015277	0.007842	0.011371	0.220539	0.000436	0.014326	0.001032	0.179131
2.998880	0.015431	0.007863	0.010379	0.220521	0.000546	0.014627	0.000929	0.179134
2.995560	0.015283	0.007712	0.010301	0.220456	0.000526	0.014276	0.000819	0.179447
2.990063	0.015334	0.007778	0.011099	0.220486	0.000500	0.014756	0.000909	0.179366
2.974492	0.015172	0.007707	0.011606	0.220393	0.000496	0.014976	0.000896	0.179792
2.954781	0.014972	0.007626	0.011001	0.220262	0.000452	0.014744	0.001063	0.180062
2.941829	0.014892	0.007495	0.011147	0.220283	0.000547	0.013673	0.000921	0.180460
2.931485	0.014962	0.007657	0.011148	0.220323	0.000470	0.013648	0.000873	0.180777
2.931050	0.014866	0.007509	0.010807	0.220281	0.000521	0.013936	0.000819	0.180986
2.930561	0.014789	0.007499	0.011385	0.220181	0.000450	0.013966	0.000871	0.181077
2.922584	0.014744	0.007558	0.011169	0.220102	0.000516	0.014450	0.000958	0.181294
2.913377	0.014815	0.007558	0.010979	0.220017	0.000500	0.013042	0.000947	0.181776
2.909107	0.014817	0.007532	0.010542	0.219988	0.000520	0.015407	0.000825	0.181823
2.905591	0.014688	0.007425	0.010574	0.219937	0.000476	0.014268	0.000794	0.182017
2.901014	0.014673	0.007505	0.010685	0.219984	0.000463	0.015785	0.000828	0.181999
2.894035	0.014547	0.007387	0.011362	0.219928	0.000496	0.014251	0.000840	0.182289
2.890591	0.014694	0.007434	0.010933	0.219991	0.000482	0.013292	0.001063	0.182284
2.888334	0.014596	0.007452	0.010063	0.219969	0.000518	0.013626	0.000825	0.182560
2.884299	0.014614	0.007453	0.010513	0.219995	0.000508	0.014176	0.000870	0.182480
2.881212	0.014552	0.007438	0.011121	0.219996	0.000526	0.013857	0.000842	0.182678
2.879032	0.014420	0.007401	0.011191	0.219942	0.000482	0.014613	0.000852	0.182680
2.877619	0.014549	0.007356	0.010819	0.219941	0.000482	0.013435	0.001012	0.182843
2.875648	0.014551	0.007476	0.010607	0.219964	0.000526	0.012823	0.000920	0.182910
2.872078	0.014522	0.007358	0.011055	0.220010	0.000507	0.014121	0.000790	0.182956
2.868917	0.014445	0.007456	0.010751	0.219961	0.000476	0.013311	0.000837	0.183221
2.869543	0.014467	0.007359	0.010789	0.220043	0.000470	0.013941	0.000759	0.183154
2.871292	0.014419	0.007275	0.011105	0.219992	0.000462	0.013276	0.000958	0.183301
2.869921	0.014480	0.007473	0.010463	0.220074	0.000476	0.012892	0.000968	0.183031
2.865705	0.014539	0.007425	0.010433	0.220122	0.000551	0.013269	0.000832	0.183338
2.863115	0.014419	0.007318	0.010573	0.220144	0.000508	0.014170	0.000793	0.183347
2.863681	0.014423	0.007267	0.010697	0.220103	0.000494	0.013359	0.000801	0.183445
2.863642	0.014427	0.007419	0.010982	0.220160	0.000462	0.013473	0.000824	0.183432
2.864509	0.014435	0.007337	0.010453	0.220158	0.000466	0.013602	0.001015	0.183451
2.863438	0.014431	0.007374	0.010720	0.220161	0.000550	0.013698	0.000875	0.183525
2.860298	0.014438	0.007336	0.010229	0.220196	0.000505	0.014181	0.000774	0.183563
2.858181	0.014444	0.007244	0.010839	0.220094	0.000499	0.013333	0.000827	0.183737
2.856787	0.014340	0.007298	0.011046	0.220179	0.000454	0.014878	0.000788	0.183613
2.852206	0.014212	0.007323	0.011101	0.220127	0.000499	0.013516	0.000960	0.183784
2.850271	0.014397	0.007320	0.010225	0.220108	0.000518	0.013473	0.000839	0.183603
2.848603	0.014330	0.007298	0.010404	0.220144	0.000575	0.013525	0.000793	0.183830
2.752897	0.014207	0.009722	0.010406	0.220208	0.000459	0.014811	0.000776	0.184014
2.751261	0.014057	0.009769	0.011074	0.220292	0.000476	0.014996	0.000735	0.184139
2.750163	0.013998	0.009737	0.011097	0.220308	0.000492	0.015502	0.000911	0.184074
2.750175	0.014095	0.009687	0.010380	0.220267	0.000527	0.015170	0.000909	0.184126
2.751277	0.014293	0.009701	0.010617	0.220309	0.000531	0.014773	0.000749	0.184209
2.750764	0.014200	0.009575	0.010416	0.220236	0.000495	0.015774	0.000789	0.184204
2.747451	0.014002	0.009626	0.010763	0.220236	0.000447	0.015671	0.000746	0.184359
2.746284	0.014109	0.009688	0.010954	0.220229	0.000455	0.015189	0.000763	0.184201
2.747523	0.014004	0.009480	0.010708	0.220175	0.000484	0.015729	0.000940	0.184366
2.746814	0.014238	0.009615	0.010737	0.220266	0.000553	0.014767	0.000755	0.184346
2.745614	0.014044	0.009540	0.010297	0.220179	0.000544	0.015389	0.000735	0.184432
2.743104	0.014006	0.009505	0.010745	0.220165	0.000498	0.015548	0.000760	0.184287
2.742795	0.014047	0.009578	0.011170	0.220128	0.000514	0.015648	0.000758	0.184478
2.744515	0.013966	0.009417	0.010526	0.220123	0.000456	0.014270	0.000961	0.184416
2.745561	0.014068	0.009579	0.010094	0.220033	0.000547	0.015549	0.000832	0.184421
2.743440	0.014057	0.009550	0.010601	0.220024	0.000515	0.015384	0.000740	0.184365
2.741930	0.014084	0.009397	0.010445	0.219989	0.000497	0.015193	0.000726	0.184408
2.743459	0.013970	0.009549	0.011058	0.219800	0.000552	0.014742	0.000695	0.184412
2.748213	0.013926	0.009592	0.010749	0.219783	0.000473	0.016052	0.000836	0.184243
2.747273	0.014109	0.009612	0.010585	0.219850	0.000480	0.016119	0.000922	0.184208
2.747207	0.014086	0.009455	0.010571	0.219861	0.000542	0.015471	0.000716	0.184115
2.751228	0.014062	0.009515	0.010535	0.219863	0.000452	0.015001	0.000758	0.184239
2.756600	0.014116	0.009641	0.010829	0.219884	0.000479	0.015096	0.000737	0.184040
2.762079	0.014054	0.009713	0.011179	0.219822	0.000473	0.015992	0.000782	0.184119
2.764767	0.014096	0.009592	0.010645	0.219832	0.000494	0.015489	0.000961	0.183905
2.768725	0.014249	0.009702	0.010734	0.219824	0.000537	0.015442	0.000789	0.184035
2.771509	0.014256	0.009740	0.010641	0.219851	0.000480	0.014978	0.000752	0.183902
2.777262	0.014203	0.009723	0.010847	0.219811	0.000506	0.014070	0.000781	0.183978
2.780871	0.014227	0.009906	0.011298	0.219801	0.000479	0.016129	0.000781	0.183836
2.785903	0.014263	0.009691	0.010991	0.219865	0.000519	0.015805	0.000937	0.183877
2.787859	0.014409	0.009898	0.010482	0.219828	0.000477	0.015367	0.000816	0.183824
2.786480	0.014347	0.009797	0.010651	0.219825	0.000510	0.015752	0.000771	0.183912
2.784123	0.014361	0.009817	0.010685	0.219756	0.000486	0.015600	0.000774	0.183894
2.782687	0.014249	0.009794	0.011165	0.219765	0.000480	0.015106	0.000753	0.183862
2.784825	0.014186	0.009786	0.011441	0.219762	0.000492	0.015748	0.000815	0.183755
2.785032	0.014386	0.009880	0.010958	0.219783	0.000560	0.015721	0.000906	0.183727
2.781950	0.014226	0.009846	0.010610	0.219741	0.000584	0.015872	0.000753	0.183772
2.778071	0.014268	0.009719	0.010621	0.219843	0.000482	0.015030	0.000736	0.183813
2.777418	0.014261	0.009856	0.011108	0.219830	0.000437	0.014966	0.000783	0.183795
2.772423	0.014160	0.009685	0.011244	0.219870	0.000503	0.015419	0.000772	0.183906
2.776946	0.014198	0.009858	0.010678	0.219832	0.000511	0.015515	0.000957	0.184001
2.780530	0.014169	0.009647	0.010893	0.219800	0.000586	0.015397	0.000766	0.183885
2.777739	0.014399	0.009722	0.010427	0.219838	0.000526	0.014656	0.000712	0.183920
2.777529	0.014224	0.009667	0.010548	0.219830	0.000478	0.014749	0.000712	0.183823
2.776456	0.014336	0.009723	0.011363	0.219860	0.000480	0.015713	0.000724	0.183963
2.780199	0.014193	0.009703	0.011004	0.219831	0.000483	0.014987	0.000885	0.183794
2.783423	0.014330	0.009718	0.010345	0.219818	0.000551	0.015431	0.000845	0.184012
2.785879	0.014411	0.009801	0.010749	0.219798	0.000528	0.015037	0.000761	0.183835
2.786265	0.014278	0.009671	0.010725	0.219853	0.000532	0.015436	0.000761	0.183908
2.784019	0.014230	0.009864	0.011181	0.219843	0.000499	0.015676	0.000693	0.183880
2.781796	0.014180	0.009669	0.011254	0.219826	0.000510	0.015637	0.000819	0.183856
2.781337	0.014262	0.009689	0.010869	0.219849	0.000550	0.015291	0.000937	0.183872
2.781490	0.014353	0.009741	0.010705	0.219839	0.000526	0.015418	0.000662	0.183784
2.781694	0.014293	0.009781	0.010590	0.219872	0.000503	0.015712	0.000712	0.183916
2.780969	0.014230	0.009768	0.011023	0.219905	0.000480	0.015668	0.000727	0.183781
2.781107	0.014124	0.009741	0.011360	0.219781	0.000500	0.015471	0.000757	0.183918
2.781774	0.014133	0.009760	0.010715	0.219925	0.000549	0.014871	0.000980	0.183819
2.782094	0.014229	0.009737	0.010563	0.219829	0.000560	0.015720	0.000815	0.183927
2.780303	0.014365	0.009819	0.010683	0.219943	0.000540	0.015549	0.000808	0.183743
2.778960	0.014193	0.009645	0.010591	0.219888	0.000519	0.015387	0.000765	0.183895
2.779170	0.014201	0.009706	0.011180	0.219901	0.000455	0.014906	0.000766	0.183882
2.780597	0.014201	0.009783	0.011434	0.219891	0.000460	0.015354	0.000897	0.183963
2.780578	0.014204	0.009733	0.010825	0.219961	0.000518	0.016707	0.000816	0.183934
2.777281	0.014300	0.009693	0.010563	0.219962	0.000592	0.016717	0.000728	0.183957
2.775970	0.014226	0.009650	0.010724	0.219898	0.000492	0.016686	0.000726	0.184059
2.776521	0.014161	0.009606	0.010818	0.219915	0.000517	0.015941	0.000747	0.184021
2.776215	0.014236	0.009753	0.011010	0.219985	0.000473	0.014700	0.000797	0.184076
2.773788	0.014163	0.009646	0.010591	0.219948	0.000533	0.014863	0.000908	0.183960
2.772912	0.014250	0.009738	0.011014	0.219942	0.000565	0.015360	0.000752	0.184133
2.775031	0.014294	0.009561	0.010279	0.220019	0.000458	0.015199	0.000754	0.183976
2.776285	0.014231	0.009709	0.010858	0.220024	0.000476	0.014956	0.000752	0.184110
2.773958	0.014182	0.009616	0.011090	0.219985	0.000496	0.014895	0.000775	0.184069
2.768593	0.014106	0.009652	0.011259	0.220066	0.000540	0.015443	0.000927	0.184410
2.767693	0.014296	0.009688	0.010762	0.220036	0.000540	0.015048	0.000799	0.184639
2.769923	0.014189	0.009538	0.010551	0.220105	0.000528	0.015122	0.000756	0.184793
2.770087	0.014213	0.009669	0.010628	0.220113	0.000535	0.015871	0.000768	0.184713
2.766181	0.014165	0.009570	0.011252	0.220110	0.000482	0.015653	0.000740	0.184773
2.765479	0.014089	0.009531	0.010983	0.220114	0.000463	0.015522	0.000903	0.184875
2.767683	0.014153	0.009558	0.010549	0.220105	0.000530	0.015215	0.000815	0.185036
2.769235	0.014204	0.009585	0.010639	0.220128	0.000552	0.015384	0.000740	0.185240
2.766002	0.014208	0.009659	0.010405	0.220165	0.000520	0.016010	0.000783	0.185217
2.763189	0.014111	0.009486	0.010576	0.220156	0.000462	0.015656	0.000724	0.185323
2.764131	0.014137	0.009609	0.011160	0.220136	0.000510	0.015254	0.000771	0.185243
2.765594	0.014115	0.009460	0.010894	0.220205	0.000485	0.015546	0.000966	0.185285
2.763519	0.014203	0.009609	0.010311	0.220167	0.000560	0.015656	0.000720	0.185178
2.761751	0.014197	0.009601	0.010271	0.220183	0.000506	0.015425	0.000660	0.185386
2.762081	0.014170	0.009476	0.010813	0.220163	0.000497	0.015227	0.000723	0.185235
2.762013	0.014199	0.009497	0.011319	0.220161	0.000517	0.015338	0.000711	0.185342
2.762241	0.014219	0.009625	0.010820	0.220210	0.000499	0.015795	0.000877	0.185113
2.760488	0.014096	0.009540	0.010528	0.220238	0.000558	0.016064	0.000731	0.185183
2.759543	0.014248	0.009515	0.010546	0.220195	0.000509	0.015457	0.000708	0.185103
2.762595	0.014100	0.009577	0.010575	0.220198	0.000513	0.015187	0.000710	0.185267
2.763514	0.014102	0.009575	0.011189	0.220194	0.000531	0.015318	0.000671	0.185208
2.761340	0.014068	0.009517	0.011120	0.220220	0.000489	0.015195	0.000831	0.185264
2.759547	0.014107	0.009481	0.010354	0.220230	0.000519	0.015811	0.000765	0.185292
2.759927	0.014197	0.009506	0.010602	0.220242	0.000545	0.015394	0.000671	0.185223
2.761189	0.014096	0.009458	0.010477	0.220219	0.000497	0.015393	0.000705	0.185418
2.760644	0.014158	0.009521	0.010926	0.220176	0.000512	0.015306	0.000696	0.185256
2.759986	0.014113	0.009485	0.011195	0.220206	0.000505	0.015271	0.000780	0.185428
2.759723	0.014051	0.009404	0.010665	0.220267	0.000529	0.015793	0.000943	0.185386
2.761092	0.014176	0.009558	0.010717	0.220307	0.000528	0.014807	0.000699	0.185450
2.761567	0.014119	0.009461	0.010814	0.220200	0.000510	0.016674	0.000740	0.185346
2.760651	0.014167	0.009506	0.011229	0.220265	0.000502	0.016072	0.000701	0.185480
2.760203	0.014019	0.009475	0.011390	0.220235	0.000507	0.015396	0.000690	0.185463
2.760029	0.014132	0.009391	0.011039	0.220266	0.000576	0.015132	0.000891	0.185512
2.761634	0.014145	0.009519	0.010654	0.220304	0.000562	0.014452	0.000788	0.185436
2.761660	0.014162	0.009502	0.010590	0.220301	0.000556	0.015861	0.000684	0.185380
2.759821	0.014094	0.009473	0.010493	0.220377	0.000458	0.015588	0.000727	0.185446
2.758425	0.014119	0.009529	0.011109	0.220348	0.000495	0.016041	0.000685	0.185333
2.758784	0.014037	0.009472	0.011023	0.220295	0.000522	0.015275	0.000827	0.185432
2.760139	0.014179	0.009414	0.010826	0.220363	0.000563	0.015395	0.000874	0.185317
2.759927	0.014114	0.009459	0.010632	0.220428	0.000598	0.015947	0.000695	0.185473
2.758453	0.014127	0.009490	0.010288	0.220375	0.000531	0.016165	0.000709	0.185306
2.758763	0.014127	0.009438	0.011083	0.220465	0.000493	0.014732	0.000632	0.185472
2.762958	0.014034	0.009501	0.010874	0.220459	0.000488	0.016014	0.000719	0.185345
2.762874	0.014116	0.009495	0.010972	0.220450	0.000529	0.014957	0.000965	0.185369
2.761489	0.014199	0.009572	0.010240	0.220490	0.000532	0.014776	0.000718	0.185372
2.763880	0.014165	0.009447	0.010817	0.220437	0.000504	0.016212	0.000685	0.185347
2.765369	0.014205	0.009581	0.010640	0.220468	0.000513	0.015716	0.000709	0.185395
2.767218	0.014133	0.009482	0.011118	0.220516	0.000489	0.015443	0.000696	0.185317
2.765743	0.014107	0.009635	0.010794	0.220471	0.000551	0.015613	0.000905	0.185353
2.765051	0.014196	0.009413	0.010482	0.220546	0.000565	0.015328	0.000728	0.185388
2.766467	0.014223	0.009467	0.010468	0.220537	0.000520	0.016175	0.000743	0.185488
2.767943	0.014120	0.009417	0.010500	0.220554	0.000533	0.014168	0.000693	0.185354
2.767767	0.014141	0.009488	0.011430	0.220493	0.000494	0.017732	0.000670	0.185506
2.763306	0.014079	0.009476	0.011421	0.220604	0.000509	0.015217	0.000792	0.185348
2.762039	0.014125	0.009574	0.010563	0.220518	0.000494	0.014840	0.000790	0.185581
2.764414	0.014223	0.009518	0.010690	0.220575	0.000586	0.016028	0.000654	0.185413
2.765294	0.014174	0.009603	0.010783	0.220585	0.000539	0.015865	0.000701	0.185554
2.763178	0.014090	0.009459	0.010580	0.220557	0.000527	0.015389	0.000639	0.185446
2.761835	0.014008	0.009438	0.011256	0.220649	0.000497	0.015946	0.000719	0.185577
2.762553	0.014093	0.009465	0.010480	0.220605	0.000582	0.014702	0.000885	0.185448
2.763742	0.014172	0.009486	0.010325	0.220641	0.000575	0.016849	0.000693	0.185512
2.762127	0.014112	0.009485	0.010676	0.220622	0.000528	0.015641	0.000660	0.185458
2.763016	0.014243	0.009448	0.011101	0.220651	0.000540	0.015645	0.000690	0.185513
2.764012	0.014124	0.009495	0.011018	0.220572	0.000534	0.014401	0.000689	0.185509
2.766682	0.014104	0.009480	0.011148	0.220626	0.000541	0.016325	0.000903	0.185465
2.765016	0.014129	0.009534	0.010808	0.220663	0.000530	0.015913	0.000733	0.185469
2.762678	0.014227	0.009506	0.010761	0.220660	0.000524	0.016112	0.000669	0.185505
2.764270	0.014142	0.009492	0.010608	0.220726	0.000506	0.016767	0.000671	0.185586
2.766165	0.014118	0.009484	0.011286	0.220696	0.000506	0.013962	0.000698	0.185412
2.764332	0.014099	0.009647	0.010924	0.220812	0.000516	0.014838	0.000768	0.185554
2.761201	0.014087	0.009410	0.010329	0.220792	0.000554	0.013918	0.000901	0.185445
2.760368	0.014235	0.009462	0.010321	0.220699	0.000530	0.015540	0.000651	0.185563
2.763294	0.014161	0.009437	0.010532	0.220757	0.000503	0.016341	0.000694	0.185409
2.763435	0.014137	0.009542	0.010820	0.220811	0.000494	0.014992	0.000649	0.185518
2.760250	0.014024	0.009492	0.011278	0.220886	0.000515	0.015776	0.000658	0.185338
2.758331	0.014137	0.009477	0.011043	0.220816	0.000577	0.015972	0.000880	0.185512
2.761388	0.014147	0.009436	0.010667	0.220818	0.000595	0.014568	0.000667	0.185390
2.762012	0.014218	0.009516	0.010519	0.220847	0.000530	0.016544	0.000663	0.185424
2.760415	0.014141	0.009496	0.010541	0.220901	0.000526	0.015990	0.000708	0.185351
2.759943	0.014130	0.009485	0.011058	0.220924	0.000560	0.015660	0.000665	0.185451
2.763388	0.014117	0.009429	0.010636	0.220924	0.000496	0.015093	0.000844	0.185409
2.764687	0.014196	0.009556	0.010359	0.220923	0.000555	0.017184	0.000716	0.185443
2.762370	0.014145	0.009551	0.010234	0.220938	0.000555	0.017088	0.000635	0.185379
2.761328	0.014133	0.009468	0.010505	0.220902	0.000552	0.016867	0.000657	0.185405
2.762313	0.014115	0.009551	0.011466	0.220958	0.000496	0.016354	0.000624	0.185455
2.764204	0.014120	0.009560	0.011122	0.220926	0.000498	0.016878	0.000710	0.185384
2.763380	0.014118	0.009599	0.010877	0.220957	0.000538	0.015819	0.000766	0.185443
2.761785	0.014139	0.009446	0.010600	0.220944	0.000558	0.015579	0.000620	0.185493
2.762196	0.014259	0.009484	0.010648	0.220966	0.000482	0.014367	0.000691	0.185555
2.765632	0.014088	0.009513	0.010866	0.220920	0.000501	0.015587	0.000636	0.185456
2.765786	0.014140	0.009489	0.011688	0.220939	0.000491	0.017122	0.000690	0.185626
2.764616	0.014104	0.009439	0.010626	0.220962	0.000541	0.016210	0.000925	0.185519
2.764985	0.014150	0.009438	0.010741	0.220985	0.000547	0.015251	0.000676	0.185670
2.765970	0.014180	0.009455	0.010487	0.220911	0.000540	0.015707	0.000614	0.185505
2.765609	0.014203	0.009541	0.010872	0.220955	0.000499	0.016888	0.000666	0.185648
2.765058	0.014046	0.009454	0.011330	0.221020	0.000504	0.016370	0.000596	0.185582
2.763696	0.014151	0.009523	0.011246	0.220929	0.000536	0.015926	0.000825	0.185655
2.764306	0.014153	0.009357	0.010586	0.220997	0.000548	0.015746	0.000698	0.185612
2.763760	0.014257	0.009512	0.010716	0.220943	0.000545	0.015622	0.000660	0.185574
2.761284	0.014123	0.009520	0.010546	0.220986	0.000556	0.015841	0.000656	0.185562
2.757540	0.014101	0.009390	0.010967	0.221006	0.000507	0.014975	0.000632	0.185544
2.756441	0.014057	0.009424	0.011114	0.221014	0.000556	0.016123	0.000731	0.185656
2.757624	0.014196	0.009423	0.010428	0.221018	0.000559	0.014722	0.000809	0.185488
2.757047	0.014082	0.009442	0.011059	0.221071	0.000545	0.015304	0.000624	0.185618
2.753853	0.014212	0.009468	0.010444	0.221131	0.000521	0.015874	0.000634	0.185467
2.756012	0.014085	0.009344	0.010793	0.221045	0.000533	0.014739	0.000666	0.185694
2.757131	0.014083	0.009470	0.011283	0.221123	0.000506	0.014964	0.000650	0.185484
2.756276	0.014062	0.009433	0.010799	0.221114	0.000583	0.016384	0.000914	0.185625
2.755120	0.014175	0.009355	0.010615	0.221115	0.000547	0.016149	0.000679	0.185452
2.753706	0.014092	0.009469	0.010364	0.221134	0.000553	0.015623	0.000616	0.185664
2.755111	0.014058	0.009364	0.010461	0.221096	0.000532	0.014077	0.000644	0.185528
2.756528	0.014137	0.009404	0.010964	0.221082	0.000536	0.015753	0.000626	0.185596
2.756002	0.014119	0.009535	0.010649	0.221144	0.000531	0.014733	0.000769	0.185555
2.753809	0.014114	0.009454	0.010722	0.221183	0.000544	0.016158	0.000705	0.185604
2.753181	0.014173	0.009426	0.010669	0.221237	0.000582	0.015662	0.000590	0.185699
2.755207	0.014129	0.009431	0.010325	0.221185	0.000541	0.016517	0.000652	0.185652
2.757016	0.014045	0.009400	0.010963	0.221209	0.000531	0.014646	0.000637	0.185686
2.754596	0.014087	0.009465	0.011422	0.221190	0.000558	0.015600	0.000706	0.185557
2.752856	0.014032	0.009422	0.010968	0.221201	0.000532	0.014824	0.000964	0.185749
2.754341	0.014122	0.009354	0.010403	0.221252	0.000573	0.015605	0.000584	0.185607
2.757696	0.014219	0.009495	0.010453	0.221206	0.000554	0.017013	0.000619	0.185759
2.758119	0.014102	0.009513	0.010667	0.221209	0.000525	0.015373	0.000657	0.185631
2.757292	0.014044	0.009347	0.011499	0.221262	0.000562	0.015864	0.000666	0.185830
2.755927	0.014088	0.009465	0.011100	0.221292	0.000598	0.016570	0.001024	0.185682
2.758145	0.014176	0.009355	0.010500	0.221233	0.000605	0.014742	0.000700	0.185771
2.758951	0.014240	0.009485	0.010392	0.221249	0.000540	0.015870	0.000616	0.185728
2.757961	0.014087	0.009425	0.010641	0.221245	0.000559	0.015665	0.000638	0.185723
2.757253	0.014139	0.009494	0.011079	0.221300	0.000586	0.015685	0.000591	0.185769
2.760146	0.014142	0.009365	0.011274	0.221248	0.000597	0.015140	0.000769	0.185756
2.763443	0.014189	0.009405	0.010800	0.221278	0.000554	0.017167	0.000709	0.185784
2.763308	0.014180	0.009547	0.010321	0.221312	0.000584	0.016597	0.000567	0.185773
2.763307	0.014217	0.009349	0.010522	0.221317	0.000500	0.016451	0.000630	0.185868
2.764392	0.014095	0.009451	0.011178	0.221304	0.000515	0.014393	0.000584	0.185865
2.767150	0.014208	0.009455	0.011069	0.221320	0.000485	0.016670	0.000622	0.185969
2.766732	0.014168	0.009379	0.010793	0.221307	0.000622	0.015636	0.000849	0.185846
2.763424	0.014216	0.009461	0.010753	0.221377	0.000562	0.016299	0.000590	0.185989
2.763047	0.014250	0.009363	0.010550	0.221417	0.000540	0.015141	0.000613	0.185875
2.764667	0.014267	0.009435	0.010341	0.221342	0.000498	0.015557	0.000604	0.186017
2.763859	0.014112	0.009433	0.011171	0.221378	0.000499	0.016110	0.000604	0.185859
2.761431	0.014129	0.009414	0.010894	0.221368	0.000593	0.015767	0.000892	0.186012
2.762091	0.014127	0.009440	0.010556	0.221382	0.000601	0.015296	0.000584	0.185990
2.763353	0.014258	0.009482	0.010683	0.221452	0.000465	0.015582	0.000577	0.186098
2.765450	0.014162	0.009375	0.010868	0.221461	0.000530	0.015209	0.000623	0.186014
2.763721	0.014175	0.009331	0.011145	0.221412	0.000489	0.016024	0.000575	0.186101
2.762920	0.014155	0.009485	0.011265	0.221476	0.000529	0.015622	0.000736	0.186190
2.764212	0.014112	0.009346	0.010608	0.221461	0.000572	0.015582	0.000733	0.186075
2.765211	0.014349	0.009482	0.010494	0.221481	0.000525	0.015883	0.000614	0.186142
2.764844	0.014202	0.009379	0.010146	0.221445	0.000514	0.015705	0.000647	0.186155
2.764481	0.014117	0.009399	0.010978	0.221499	0.000505	0.015969	0.000567	0.186354
2.764946	0.014208	0.009430	0.011099	0.221512	0.000585	0.015389	0.000666	0.186407
2.764439	0.014157	0.009298	0.010701	0.221558	0.000546	0.015481	0.000879	0.186670
2.763523	0.014223	0.009474	0.010571	0.221529	0.000544	0.015379	0.000622	0.186505
2.761309	0.014190	0.009313	0.010591	0.221543	0.000501	0.015986	0.000619	0.186686
2.759168	0.014165	0.009380	0.010704	0.221590	0.000562	0.015410	0.000620	0.186495
2.761135	0.014167	0.009285	0.011407	0.221568	0.000495	0.016264	0.000535	0.186609
2.761610	0.014054	0.009355	0.010890	0.221571	0.000525	0.015942	0.000862	0.186381
2.758510	0.014187	0.009445	0.010797	0.221562	0.000536	0.015343	0.000599	0.186448
2.755178	0.014140	0.009362	0.010493	0.221562	0.000582	0.015820	0.000585	0.186492
2.753758	0.014129	0.009306	0.010685	0.221611	0.000494	0.015325	0.000646	0.186482
2.754928	0.014170	0.009366	0.011252	0.221621	0.000542	0.015654	0.000583	0.186454
2.756349	0.014042	0.009380	0.011052	0.221584	0.000543	0.016017	0.000714	0.186379
2.752914	0.014054	0.009316	0.010667	0.221516	0.000560	0.015838	0.000664	0.186504
2.751108	0.014218	0.009341	0.010966	0.221576	0.000549	0.015649	0.000581	0.186436
2.753573	0.014167	0.009386	0.010628	0.221599	0.000484	0.015563	0.000604	0.186546
2.752382	0.014102	0.009352	0.010777	0.221652	0.000603	0.015171	0.000568	0.186420
2.749660	0.014123	0.009404	0.011426	0.221660	0.000537	0.016227	0.000593	0.186591
