#header text header text texty text text
3.025775	0.016618	0.008693	0.012958	0.233216	0.000563	0.014687	0.000960	0.182611
3.022659	0.016632	0.008574	0.013399	0.233382	0.000532	0.015540	0.001044	0.182562
3.020169	0.016706	0.008633	0.012234	0.233485	0.000548	0.015804	0.001155	0.182733
3.022571	0.016868	0.008654	0.012041	0.233553	0.000568	0.015038	0.001015	0.182566
3.026551	0.016750	0.008607	0.011483	0.233560	0.000587	0.014896	0.000993	0.182703
3.023923	0.016772	0.008759	0.012041	0.233610	0.000562	0.015389	0.001012	0.182616
3.020090	0.016697	0.008527	0.011989	0.233570	0.000618	0.015273	0.000981	0.182772
3.021580	0.016723	0.008652	0.012979	0.233584	0.000607	0.015842	0.001163	0.182632
3.027224	0.016804	0.008687	0.012474	0.233628	0.000597	0.013826	0.000996	0.182667
3.025601	0.016771	0.008665	0.011434	0.233611	0.000544	0.015211	0.001015	0.182587
3.020845	0.016628	0.008604	0.011225	0.233602	0.000631	0.017112	0.000937	0.182688
3.019488	0.016699	0.008781	0.012790	0.233602	0.000572	0.014260	0.000969	0.182630
3.024719	0.016771	0.008615	0.012623	0.233638	0.000574	0.013547	0.001095	0.182640
3.025101	0.016759	0.008692	0.011766	0.233614	0.000638	0.014817	0.001053	0.182659
3.021767	0.016749	0.008553	0.012431	0.233669	0.000627	0.016494	0.000924	0.182559
3.021010	0.016692	0.008626	0.012662	0.233606	0.000598	0.015030	0.000917	0.182749
3.022169	0.016714	0.008599	0.012394	0.233628	0.000595	0.015385	0.000947	0.182587
3.024250	0.016753	0.008735	0.013198	0.233593	0.000532	0.014109	0.001032	0.182761
3.022192	0.016792	0.008730	0.012530	0.233602	0.000589	0.014775	0.001047	0.182574
3.017241	0.016790	0.008694	0.011286	0.233561	0.000674	0.016272	0.000929	0.182772
3.020855	0.016819	0.008732	0.011733	0.233605	0.000550	0.014567	0.000908	0.182614
3.023147	0.016803	0.008606	0.011927	0.233529	0.000545	0.014544	0.000926	0.182724
3.024473	0.016777	0.008752	0.012806	0.233632	0.000516	0.014796	0.000964	0.182552
3.018303	0.016773	0.008690	0.012764	0.233605	0.000573	0.015812	0.001122	0.182744
3.018625	0.016794	0.008634	0.012251	0.233599	0.000581	0.014590	0.000966	0.182652
3.023049	0.016804	0.008574	0.012266	0.233487	0.000615	0.014647	0.000943	0.182741
2.925603	0.016483	0.011140	0.012194	0.233728	0.000596	0.016659	0.000962	0.183365
2.916642	0.016381	0.011417	0.012585	0.233858	0.000630	0.017275	0.000977	0.183408
2.912880	0.016324	0.011478	0.012458	0.233863	0.000547	0.016969	0.001058	0.183505
2.913426	0.016365	0.011396	0.011940	0.233880	0.000618	0.016777	0.001001	0.183445
2.913900	0.016451	0.011572	0.012103	0.233858	0.000614	0.017240	0.000927	0.183566
2.912378	0.016436	0.011479	0.011790	0.233904	0.000571	0.017355	0.000929	0.183377
2.911178	0.016435	0.011608	0.012492	0.233913	0.000516	0.017017	0.000912	0.183547
2.914268	0.016441	0.011539	0.012636	0.233927	0.000567	0.017118	0.000986	0.183416
2.916869	0.016466	0.011711	0.012254	0.233983	0.000615	0.016801	0.001069	0.183476
2.916189	0.016541	0.011711	0.011742	0.233894	0.000672	0.017289	0.000885	0.183293
2.914146	0.016454	0.011578	0.012301	0.233882	0.000606	0.017623	0.000898	0.183425
2.912575	0.016425	0.011746	0.012423	0.233909	0.000628	0.017198	0.000966	0.183368
2.914044	0.016473	0.011671	0.012685	0.233855	0.000572	0.017226	0.000960	0.183376
2.916686	0.016432	0.011847	0.012359	0.233871	0.000554	0.017138	0.001117	0.183276
2.918286	0.016441	0.011764	0.011959	0.233831	0.000648	0.017138	0.000958	0.183301
2.919906	0.016451	0.011850	0.012135	0.233866	0.000559	0.017356	0.000863	0.183299
2.918347	0.016473	0.011595	0.012224	0.233841	0.000599	0.017027	0.000859	0.183259
2.916912	0.016471	0.011828	0.012853	0.233833	0.000583	0.016931	0.000877	0.183292
2.915449	0.016489	0.011766	0.012567	0.233823	0.000563	0.017294	0.001078	0.183152
2.913766	0.016417	0.011695	0.012178	0.233835	0.000582	0.018044	0.000997	0.183304
2.914196	0.016469	0.011760	0.011595	0.233852	0.000656	0.018641	0.000865	0.183137
2.921040	0.016517	0.011775	0.011813	0.233756	0.000583	0.015986	0.000876	0.183257
2.923844	0.016427	0.011823	0.012346	0.233746	0.000609	0.017147	0.000835	0.183021
2.925849	0.016458	0.011831	0.012736	0.233782	0.000629	0.017916	0.000972	0.183181
2.924164	0.016554	0.011849	0.012513	0.233781	0.000601	0.018179	0.001074	0.183019
2.926911	0.016555	0.011782	0.012223	0.233718	0.000684	0.017361	0.000859	0.183156
2.928282	0.016577	0.011813	0.012193	0.233717	0.000620	0.017145	0.000877	0.182973
2.926615	0.016492	0.011868	0.012307	0.233700	0.000602	0.017970	0.000849	0.183099
2.924620	0.016548	0.011841	0.012791	0.233681	0.000578	0.018195	0.000883	0.182998
2.926467	0.016447	0.011735	0.012027	0.233744	0.000569	0.016280	0.001084	0.183038
2.927335	0.016543	0.011911	0.011770	0.233713	0.000614	0.018389	0.000923	0.182968
2.925803	0.016548	0.011905	0.012048	0.233719	0.000652	0.017811	0.000897	0.182966
2.925036	0.016462	0.011943	0.012014	0.233728	0.000656	0.018115	0.000806	0.182993
2.927694	0.016528	0.011885	0.012724	0.233710	0.000581	0.016820	0.000924	0.182906
2.922302	0.016432	0.011816	0.012536	0.233689	0.000605	0.017576	0.000961	0.183004
2.923445	0.016478	0.011773	0.011553	0.233678	0.000629	0.016742	0.000959	0.182788
2.922974	0.016530	0.011923	0.012056	0.233759	0.000619	0.018035	0.000880	0.182926
2.921297	0.016568	0.011805	0.012177	0.233727	0.000595	0.017489	0.000866	0.182742
2.921686	0.016432	0.011751	0.012042	0.233701	0.000591	0.016451	0.000860	0.182939
2.922103	0.016357	0.011815	0.012876	0.233701	0.000544	0.017671	0.000941	0.182761
2.921795	0.016476	0.011903	0.012099	0.233668	0.000647	0.018159	0.001067	0.182832
2.921178	0.016496	0.011814	0.012150	0.233775	0.000634	0.017779	0.000877	0.182781
2.921702	0.016525	0.011804	0.011964	0.233687	0.000612	0.016614	0.000856	0.182845
2.923042	0.016506	0.011876	0.012386	0.233746	0.000604	0.017191	0.000881	0.182799
2.923380	0.016406	0.011841	0.013003	0.233767	0.000602	0.017516	0.000844	0.182759
2.921919	0.016466	0.011873	0.012588	0.233752	0.000589	0.017437	0.001054	0.182794
2.922583	0.016474	0.011706	0.011834	0.233729	0.000691	0.017236	0.000913	0.182708
2.929790	0.016537	0.011844	0.011754	0.233725	0.000636	0.017152	0.000811	0.182740
2.936460	0.016614	0.011920	0.012439	0.233661	0.000580	0.017367	0.000878	0.182568
2.940982	0.016603	0.012073	0.012924	0.233670	0.000548	0.017491	0.000912	0.182738
2.943515	0.016612	0.011866	0.013091	0.233592	0.000610	0.017135	0.000910	0.182497
2.947624	0.016684	0.011929	0.012736	0.233502	0.000637	0.017135	0.000961	0.182624
2.947627	0.016641	0.011937	0.011829	0.233546	0.000666	0.017185	0.000852	0.182512
2.945326	0.016672	0.011924	0.012038	0.233589	0.000592	0.017691	0.000880	0.182644
2.942741	0.016633	0.011927	0.012866	0.233671	0.000608	0.017584	0.000782	0.182598
2.942564	0.016617	0.011974	0.012839	0.233702	0.000603	0.017347	0.000895	0.182810
2.942379	0.016590	0.011894	0.012578	0.233701	0.000631	0.017193	0.001059	0.182617
2.937663	0.016703	0.011955	0.011916	0.233656	0.000646	0.018483	0.000843	0.182747
2.933341	0.016614	0.011896	0.012149	0.233722	0.000606	0.017215	0.000812	0.182619
2.937336	0.016654	0.011977	0.011816	0.233644	0.000577	0.017200	0.000821	0.182906
2.936064	0.016537	0.011874	0.012790	0.233733	0.000586	0.017134	0.000852	0.182776
2.929215	0.016493	0.011835	0.012592	0.233740	0.000636	0.018630	0.001011	0.183116
2.924898	0.016454	0.011797	0.011878	0.233856	0.000618	0.016117	0.000897	0.183079
2.924270	0.016563	0.011631	0.011927	0.233882	0.000620	0.016685	0.000798	0.183322
2.920420	0.016549	0.011635	0.011936	0.233914	0.000588	0.017886	0.000797	0.183271
2.913510	0.016379	0.011681	0.012801	0.233992	0.000575	0.019219	0.000821	0.183728
2.909073	0.016417	0.011507	0.012784	0.234061	0.000547	0.018114	0.000868	0.183759
2.910266	0.016454	0.011380	0.012126	0.234004	0.000601	0.016555	0.000978	0.183949
2.913915	0.016555	0.011540	0.011675	0.233997	0.000584	0.017158	0.000828	0.183882
2.914202	0.016506	0.011505	0.012067	0.233933	0.000655	0.017507	0.000847	0.183975
2.916355	0.016439	0.011411	0.012787	0.233913	0.000605	0.016946	0.000818	0.183896
2.919449	0.016508	0.011536	0.012506	0.233824	0.000607	0.017095	0.000833	0.183938
2.928392	0.016490	0.011361	0.012298	0.233825	0.000629	0.017179	0.001027	0.183790
2.931191	0.016498	0.011398	0.011652	0.233835	0.000638	0.016865	0.000841	0.183854
2.929499	0.016461	0.011462	0.012135	0.233856	0.000525	0.017146	0.000787	0.183962
2.931342	0.016442	0.011354	0.012409	0.233790	0.000611	0.017007	0.000814	0.183982
2.934094	0.016479	0.011538	0.012980	0.233808	0.000615	0.017656	0.000796	0.183961
2.931959	0.016553	0.011426	0.012779	0.233801	0.000645	0.017770	0.000980	0.184020
2.908729	0.016284	0.011217	0.012085	0.233838	0.000656	0.017443	0.000843	0.184467
2.906866	0.016371	0.011189	0.012179	0.233827	0.000646	0.017615	0.000795	0.184540
2.909209	0.016391	0.011192	0.011844	0.233877	0.000639	0.017150	0.000774	0.184691
2.906865	0.016241	0.011109	0.012401	0.233909	0.000617	0.017378	0.000737	0.184624
2.904999	0.016210	0.011093	0.012868	0.233919	0.000700	0.016795	0.000867	0.185001
2.901022	0.016299	0.010953	0.012450	0.233895	0.000672	0.017112	0.000962	0.185028
2.904251	0.016368	0.011056	0.012237	0.233879	0.000652	0.016982	0.000815	0.185261
2.907009	0.016311	0.010983	0.012020	0.233847	0.000582	0.017348	0.000756	0.185108
2.908525	0.016319	0.010927	0.012308	0.233788	0.000590	0.017452	0.000778	0.185231
2.909282	0.016248	0.010809	0.012915	0.233690	0.000615	0.017250	0.000770	0.185062
2.909841	0.016198	0.010778	0.012460	0.233659	0.000651	0.016783	0.001038	0.185206
2.908802	0.016255	0.010829	0.011842	0.233725	0.000614	0.016847	0.000754	0.185117
2.908444	0.016297	0.010885	0.011790	0.233660	0.000670	0.017015	0.000790	0.185252
2.906527	0.016353	0.010873	0.011911	0.233724	0.000619	0.017194	0.000785	0.185114
2.909923	0.016232	0.010891	0.012464	0.233679	0.000589	0.016473	0.000733	0.185188
2.909529	0.016228	0.010825	0.012228	0.233714	0.000618	0.016888	0.001003	0.185123
2.914733	0.016316	0.010792	0.011650	0.233679	0.000669	0.017101	0.000891	0.185315
2.929258	0.016418	0.010975	0.012019	0.233735	0.000595	0.017441	0.000778	0.185118
2.932239	0.016484	0.010998	0.012036	0.233706	0.000583	0.016683	0.000775	0.185164
2.932718	0.016441	0.010981	0.012572	0.233743	0.000593	0.017127	0.000708	0.185010
2.928219	0.016324	0.010909	0.012899	0.233682	0.000619	0.017391	0.000845	0.185112
2.919028	0.016383	0.010850	0.011989	0.233698	0.000668	0.017163	0.000978	0.185180
2.917440	0.016435	0.010836	0.012011	0.233667	0.000650	0.016866	0.000762	0.185216
2.923996	0.016445	0.010897	0.011915	0.233669	0.000603	0.017023	0.000742	0.185146
2.931467	0.016412	0.010903	0.012026	0.233710	0.000607	0.017184	0.000794	0.185144
2.932243	0.016460	0.010925	0.012621	0.233644	0.000645	0.017532	0.000769	0.185200
2.919659	0.016382	0.010657	0.012349	0.233664	0.000695	0.016623	0.001056	0.185374
2.906615	0.016301	0.010596	0.011773	0.233585	0.000626	0.016722	0.000771	0.185382
2.896707	0.016217	0.010526	0.011704	0.233510	0.000574	0.017035	0.000762	0.185489
2.891709	0.016227	0.010256	0.011926	0.233438	0.000590	0.016479	0.000792	0.185593
2.893237	0.016121	0.010261	0.012144	0.233389	0.000598	0.016359	0.000718	0.185701
2.888491	0.016135	0.010267	0.012258	0.233441	0.000631	0.016674	0.000874	0.185744
2.881782	0.016050	0.010231	0.011562	0.233423	0.000683	0.016565	0.000841	0.185890
2.875206	0.016028	0.009980	0.011330	0.233413	0.000602	0.016320	0.000704	0.186096
2.874274	0.016001	0.009629	0.011672	0.233264	0.000660	0.015534	0.000720	0.186141
2.893726	0.015898	0.009133	0.012014	0.233254	0.000583	0.015938	0.000703	0.186260
2.937976	0.015977	0.008407	0.012577	0.233049	0.000651	0.015304	0.000866	0.186039
2.933834	0.016001	0.008356	0.011883	0.233062	0.000582	0.014976	0.000972	0.186169
2.925368	0.016056	0.008258	0.011470	0.232965	0.000662	0.014964	0.000706	0.186195
2.915480	0.015939	0.008196	0.011445	0.232946	0.000550	0.015074	0.000794	0.186426
2.902953	0.015749	0.008165	0.011577	0.233026	0.000608	0.015007	0.000706	0.186553
2.891759	0.015691	0.008059	0.012296	0.233003	0.000653	0.014846	0.000732	0.187056
2.891284	0.015736	0.008252	0.011712	0.232972	0.000657	0.014518	0.001005	0.187061
2.892295	0.015753	0.008070	0.011145	0.232993	0.000636	0.015022	0.000760	0.187326
2.887529	0.015796	0.008191	0.011515	0.233020	0.000684	0.015057	0.000720	0.187443
2.880996	0.015650	0.008108	0.011359	0.233035	0.000619	0.014993	0.000740	0.187812
2.872706	0.015576	0.007992	0.011960	0.233062	0.000630	0.014775	0.000699	0.188069
2.866769	0.015483	0.008036	0.011854	0.233089	0.000677	0.014567	0.000832	0.188309
2.858534	0.015492	0.008049	0.011427	0.233004	0.000648	0.014521	0.000801	0.188445
2.846555	0.015530	0.008069	0.011696	0.233064	0.000619	0.014822	0.000663	0.188945
2.833066	0.015410	0.007851	0.011030	0.233046	0.000604	0.014746	0.000669	0.189403
2.820412	0.015190	0.007871	0.011373	0.233122	0.000670	0.014319	0.000682	0.190032
2.821916	0.015317	0.007941	0.012017	0.233067	0.000566	0.015160	0.000674	0.190071
2.812543	0.015204	0.007877	0.011596	0.233141	0.000657	0.014088	0.000963	0.190233
2.795316	0.015249	0.007884	0.011011	0.233160	0.000647	0.014186	0.000657	0.190545
2.774777	0.015053	0.007735	0.010834	0.233120	0.000620	0.014294	0.000687	0.191002
2.759520	0.014879	0.007666	0.010859	0.233081	0.000597	0.014096	0.000673	0.191256
2.757562	0.014831	0.007777	0.011567	0.233096	0.000691	0.014383	0.000659	0.191332
2.747944	0.014775	0.007527	0.010918	0.233180	0.000644	0.013787	0.000937	0.191483
2.733418	0.014684	0.007546	0.010711	0.233128	0.000663	0.013638	0.000723	0.191778
2.727209	0.014785	0.007582	0.010901	0.233142	0.000651	0.014123	0.000615	0.191878
2.720437	0.014667	0.007525	0.010878	0.233201	0.000627	0.013831	0.000673	0.191971
2.721616	0.014522	0.007470	0.011296	0.233155	0.000597	0.013820	0.000629	0.192253
2.731805	0.014626	0.007578	0.011311	0.233097	0.000657	0.013918	0.000752	0.192199
2.737182	0.014682	0.007581	0.010866	0.233116	0.000670	0.014052	0.000787	0.192260
2.669109	0.014569	0.009075	0.009868	0.233175	0.000674	0.014624	0.000643	0.192629
2.652016	0.014675	0.009770	0.010706	0.233143	0.000669	0.015821	0.000665	0.193049
2.667462	0.014606	0.009629	0.011368	0.233133	0.000596	0.015600	0.000649	0.192948
2.678145	0.014652	0.009575	0.011595	0.233269	0.000611	0.016137	0.000641	0.192708
2.686487	0.014590	0.009330	0.011282	0.233296	0.000671	0.015516	0.000991	0.192252
2.687063	0.014697	0.009323	0.010657	0.233212	0.000644	0.015579	0.000668	0.192513
2.687954	0.014725	0.009362	0.010755	0.233136	0.000633	0.015412	0.000657	0.192710
2.697933	0.014700	0.009170	0.010816	0.233149	0.000621	0.015780	0.000626	0.192627
2.703016	0.014677	0.008863	0.011336	0.232962	0.000630	0.015466	0.000609	0.192549
2.705429	0.014714	0.008939	0.011420	0.232980	0.000649	0.015304	0.000924	0.192675
2.714491	0.014771	0.008789	0.010755	0.232905	0.000687	0.015074	0.000738	0.192574
2.728029	0.014910	0.008862	0.010839	0.232875	0.000625	0.015701	0.000609	0.192628
2.744797	0.014866	0.008514	0.010985	0.232854	0.000640	0.014817	0.000661	0.192435
2.755191	0.014954	0.008267	0.011432	0.232920	0.000623	0.014952	0.000618	0.192580
2.764934	0.014890	0.008307	0.011588	0.232874	0.000676	0.014822	0.000729	0.192356
2.770040	0.014915	0.008186	0.011288	0.232807	0.000677	0.014863	0.000857	0.192434
2.772976	0.014995	0.008203	0.011220	0.232796	0.000691	0.014751	0.000628	0.192130
2.775773	0.015063	0.008230	0.011168	0.232792	0.000699	0.014749	0.000643	0.192089
2.776959	0.015054	0.008060	0.011173	0.232619	0.000577	0.014348	0.000683	0.191807
2.777063	0.014850	0.008066	0.011562	0.232610	0.000652	0.015127	0.000680	0.191756
2.774558	0.014925	0.007965	0.011289	0.232578	0.000681	0.014481	0.001012	0.191554
2.798845	0.015171	0.007957	0.010851	0.232463	0.000647	0.014805	0.000648	0.191426
2.826235	0.015320	0.008148	0.011268	0.232450	0.000625	0.014989	0.000649	0.191081
2.840832	0.015305	0.008268	0.011426	0.232376	0.000677	0.015236	0.000667	0.191121
2.857795	0.015421	0.008292	0.011982	0.232309	0.000662	0.014949	0.000619	0.191043
2.876090	0.015527	0.008311	0.011892	0.232219	0.000639	0.015048	0.000813	0.191056
2.891791	0.015594	0.008353	0.011562	0.232141	0.000647	0.014932	0.000777	0.190781
2.888699	0.015691	0.008301	0.011453	0.232158	0.000607	0.015583	0.000594	0.190917
2.884862	0.015636	0.008226	0.011112	0.232087	0.000589	0.014897	0.000662	0.190921
2.883400	0.015511	0.008178	0.011831	0.232100	0.000607	0.014857	0.000566	0.191146
2.878857	0.015496	0.008244	0.011976	0.232095	0.000672	0.015239	0.000696	0.191144
2.878166	0.015467	0.008325	0.011514	0.232073	0.000635	0.015365	0.000886	0.191388
2.881219	0.015625	0.008338	0.011456	0.232036	0.000623	0.015001	0.000622	0.191387
2.890488	0.015696	0.008375	0.011261	0.232075	0.000591	0.015154	0.000653	0.191656
2.899376	0.015602	0.008430	0.011665	0.232073	0.000617	0.015308	0.000615	0.191612
2.906289	0.015679	0.008478	0.012291	0.232064	0.000625	0.015742	0.000647	0.191922
2.912004	0.015714	0.008401	0.011687	0.232071	0.000673	0.015049	0.001013	0.192063
2.917361	0.015711	0.008412	0.011423	0.232102	0.000704	0.015347	0.000615	0.192263
2.922448	0.015860	0.008593	0.011377	0.232098	0.000641	0.015588	0.000623	0.192223
2.922455	0.015774	0.008451	0.011411	0.232088	0.000599	0.015585	0.000628	0.192360
2.920956	0.015718	0.008386	0.012333	0.232111	0.000615	0.015497	0.000565	0.192484
2.924441	0.015671	0.008469	0.012282	0.232049	0.000649	0.015512	0.000693	0.192569
2.921291	0.015790	0.008563	0.011176	0.232067	0.000735	0.015697	0.000704	0.192500
2.913747	0.015813	0.008522	0.011411	0.232131	0.000623	0.015566	0.000613	0.192732
2.911727	0.015770	0.008523	0.011545	0.232090	0.000631	0.015279	0.000645	0.192572
2.915811	0.015679	0.008487	0.011551	0.232133	0.000612	0.015344	0.000600	0.192581
2.918018	0.015704	0.008448	0.011975	0.232167	0.000636	0.015767	0.000645	0.192603
2.918103	0.015637	0.008441	0.011625	0.232172	0.000656	0.015630	0.001000	0.192586
2.915594	0.015754	0.008539	0.011410	0.232190	0.000610	0.015335	0.000629	0.192550
2.916136	0.015837	0.008440	0.011318	0.232169	0.000627	0.015233	0.000618	0.192349
2.918000	0.015703	0.008463	0.011442	0.232156	0.000600	0.015487	0.000629	0.192130
2.918527	0.015707	0.008392	0.012212	0.232165	0.000660	0.015482	0.000567	0.192208
2.919419	0.015771	0.008432	0.011889	0.232212	0.000701	0.015261	0.000850	0.192220
2.922516	0.015751	0.008377	0.011225	0.232258	0.000661	0.015422	0.000653	0.192188
2.924160	0.015815	0.008592	0.011306	0.232236	0.000656	0.016027	0.000600	0.192129
2.921133	0.015836	0.008524	0.011412	0.232263	0.000657	0.015436	0.000641	0.192041
2.924858	0.015752	0.008464	0.011992	0.232238	0.000642	0.015387	0.000565	0.192078
2.927191	0.015756	0.008506	0.012060	0.232254	0.000628	0.015356	0.000723	0.192019
2.928010	0.015847	0.008568	0.011422	0.232240	0.000683	0.015904	0.000716	0.191899
2.925116	0.015776	0.008476	0.011832	0.232335	0.000641	0.015625	0.000601	0.191728
2.925338	0.015906	0.008447	0.011550	0.232290	0.000598	0.015389	0.000641	0.191815
2.925634	0.015751	0.008409	0.011586	0.232307	0.000592	0.015326	0.000616	0.191598
2.924700	0.015780	0.008519	0.011727	0.232352	0.000629	0.015906	0.000635	0.191461
2.919104	0.015735	0.008563	0.011696	0.232357	0.000706	0.015355	0.001078	0.191356
2.914561	0.015808	0.008351	0.011323	0.232266	0.000663	0.015039	0.000572	0.191634
2.917202	0.015822	0.008442	0.011399	0.232236	0.000625	0.015229	0.000625	0.191501
2.921230	0.015818	0.008547	0.011786	0.232245	0.000617	0.015562	0.000602	0.191636
2.918864	0.015726	0.008441	0.012135	0.232315	0.000635	0.015431	0.000561	0.191535
2.918259	0.015815	0.008550	0.011997	0.232181	0.000687	0.015368	0.000768	0.191769
2.920394	0.015727	0.008431	0.011571	0.232154	0.000649	0.015326	0.000685	0.191599
2.923647	0.015858	0.008505	0.011487	0.232219	0.000594	0.015534	0.000566	0.191734
2.926163	0.015837	0.008680	0.011448	0.232203	0.000607	0.015526	0.000647	0.191574
2.932104	0.015794	0.008477	0.011870	0.232172	0.000655	0.015581	0.000578	0.191747
2.934491	0.015951	0.008572	0.012174	0.232219	0.000656	0.015410	0.000591	0.191555
2.935340	0.015758	0.008543	0.011661	0.232192	0.000639	0.015778	0.000777	0.191627
2.936985	0.015963	0.008508	0.011379	0.232179	0.000668	0.015312	0.000547	0.191429
2.937237	0.015974	0.008535	0.011450	0.232184	0.000597	0.015482	0.000610	0.191620
2.934273	0.015850	0.008525	0.011518	0.232203	0.000636	0.015503	0.000618	0.191451
2.929410	0.015808	0.008567	0.012191	0.232264	0.000656	0.015723	0.000537	0.191493
2.920292	0.015690	0.008528	0.012137	0.232236	0.000739	0.015541	0.001055	0.191406
2.917628	0.015789	0.008379	0.011294	0.232236	0.000673	0.015403	0.000600	0.191386
2.921897	0.015825	0.008400	0.011587	0.232288	0.000653	0.015407	0.000562	0.191301
2.927838	0.015834	0.008576	0.011456	0.232234	0.000597	0.015489	0.000630	0.191269
2.925339	0.015697	0.008506	0.012085	0.232288	0.000631	0.016011	0.000565	0.191257
2.922989	0.015757	0.008508	0.012214	0.232242	0.000686	0.015231	0.000680	0.191272
2.921559	0.015811	0.008406	0.011362	0.232263	0.000678	0.015347	0.000653	0.191346
2.924104	0.015814	0.008499	0.011464	0.232257	0.000613	0.015431	0.000596	0.191281
2.929439	0.015915	0.008544	0.011482	0.232208	0.000629	0.015669	0.000615	0.191341
2.935550	0.015865	0.008451	0.011685	0.232280	0.000651	0.015580	0.000576	0.191281
2.939992	0.015883	0.008548	0.012252	0.232227	0.000668	0.015443	0.000604	0.191418
2.938213	0.015902	0.008645	0.011611	0.232255	0.000700	0.015536	0.000791	0.191350
2.937384	0.015922	0.008406	0.011541	0.232250	0.000663	0.016188	0.000520	0.191426
2.937177	0.015909	0.008569	0.011233	0.232271	0.000616	0.015480	0.000602	0.191412
2.938656	0.015873	0.008446	0.011631	0.232243	0.000657	0.015404	0.000591	0.191349
2.941522	0.015861	0.008623	0.012300	0.232267	0.000622	0.015696	0.000535	0.191128
2.938125	0.015897	0.008641	0.012126	0.232301	0.000668	0.015764	0.000838	0.191252
2.937845	0.015893	0.008439	0.011743	0.232327	0.000683	0.015229	0.000570	0.191076
2.938135	0.015988	0.008561	0.011552	0.232318	0.000686	0.015629	0.000530	0.191118
2.938432	0.015875	0.008556	0.011344	0.232365	0.000627	0.015593	0.000663	0.190947
2.935970	0.015853	0.008528	0.012114	0.232381	0.000648	0.015736	0.000538	0.191093
2.937992	0.015785	0.008450	0.012307	0.232409	0.000697	0.015186	0.000706	0.190980
2.938936	0.015934	0.008418	0.011320	0.232407	0.000684	0.015614	0.000660	0.191075
2.938737	0.015994	0.008525	0.011691	0.232398	0.000614	0.015659	0.000516	0.190873
2.939114	0.015957	0.008546	0.011606	0.232449	0.000672	0.015846	0.000595	0.191115
2.937322	0.015858	0.008488	0.012147	0.232461	0.000671	0.015296	0.000556	0.190938
2.942259	0.015906	0.008603	0.012400	0.232485	0.000635	0.015457	0.000515	0.191037
2.944827	0.015871	0.008540	0.011710	0.232512	0.000673	0.015395	0.001051	0.190853
2.942151	0.015935	0.008606	0.011399	0.232514	0.000673	0.015740	0.000533	0.191105
2.941688	0.016014	0.008509	0.011584	0.232493	0.000677	0.015692	0.000604	0.190949
2.943428	0.015928	0.008503	0.011555	0.232533	0.000594	0.015569	0.000594	0.191055
2.943927	0.015917	0.008570	0.012137	0.232557	0.000657	0.015619	0.000514	0.190930
2.941899	0.015926	0.008639	0.012052	0.232585	0.000720	0.015421	0.000775	0.190943
2.939345	0.015919	0.008560	0.011426	0.232629	0.000680	0.015644	0.000593	0.190934
2.943439	0.015995	0.008530	0.011510	0.232554	0.000627	0.015368	0.000552	0.191037
2.945681	0.015925	0.008514	0.011498	0.232472	0.000690	0.015502	0.000584	0.190972
2.943795	0.015928	0.008526	0.011993	0.232558	0.000662	0.015521	0.000559	0.190958
2.941476	0.015884	0.008606	0.012345	0.232625	0.000683	0.015460	0.000506	0.191049
2.939041	0.015920	0.008579	0.011954	0.232617	0.000660	0.015138	0.000805	0.191041
2.940277	0.015932	0.008429	0.011490	0.232629	0.000650	0.015649	0.000517	0.191156
2.942266	0.016022	0.008623	0.011567	0.232609	0.000660	0.015434	0.000598	0.191063
2.939739	0.015807	0.008580	0.011902	0.232661	0.000676	0.015747	0.000591	0.191237
2.936998	0.015858	0.008517	0.012163	0.232668	0.000681	0.015398	0.000527	0.191148
2.939676	0.015911	0.008507	0.011747	0.232646	0.000736	0.015579	0.001026	0.191264
2.941291	0.015959	0.008517	0.011242	0.232695	0.000739	0.015743	0.000550	0.191047
2.938977	0.015897	0.008576	0.011433	0.232776	0.000640	0.015799	0.000557	0.191219
2.937915	0.015955	0.008580	0.011367	0.232720	0.000668	0.015454	0.000589	0.191072
2.941318	0.015810	0.008445	0.012491	0.232824	0.000659	0.015558	0.000502	0.191257
2.943437	0.015947	0.008656	0.012125	0.232757	0.000698	0.015312	0.000646	0.191046
2.941748	0.015959	0.008572	0.011542	0.232911	0.000654	0.015886	0.000520	0.191003
2.938722	0.016027	0.008579	0.011452	0.232833	0.000670	0.015253	0.000521	0.190932
2.944423	0.015964	0.008512	0.011602	0.232897	0.000657	0.014952	0.000580	0.190936
2.947633	0.015956	0.008644	0.012029	0.232820	0.000670	0.015633	0.000562	0.190816
2.947077	0.015897	0.008633	0.012303	0.232875	0.000728	0.015364	0.000558	0.190821
2.946254	0.016007	0.008643	0.011474	0.232867	0.000738	0.015834	0.000746	0.190775
2.948152	0.016020	0.008488	0.011488	0.232932	0.000667	0.015555	0.000529	0.190695
2.951947	0.016049	0.008576	0.011457	0.232930	0.000718	0.015522	0.000569	0.190713
2.949972	0.015983	0.008611	0.011749	0.232980	0.000661	0.015718	0.000573	0.190707
2.951068	0.015927	0.008646	0.012064	0.233017	0.000695	0.015736	0.000476	0.190802
2.950788	0.015949	0.008481	0.012280	0.233037	0.000707	0.015438	0.000783	0.190786
2.952548	0.016062	0.008530	0.011356	0.233009	0.000751	0.015996	0.000524	0.190727
2.951112	0.016016	0.008627	0.011486	0.233066	0.000670	0.015512	0.000561	0.190533
2.949368	0.015984	0.008613	0.011767	0.233079	0.000677	0.015711	0.000578	0.190763
2.947083	0.015964	0.008628	0.012047	0.233100	0.000619	0.015456	0.000540	0.190682
2.948722	0.015996	0.008473	0.011854	0.233115	0.000706	0.015576	0.000588	0.190692
2.945027	0.015930	0.008672	0.011897	0.233166	0.000722	0.015395	0.000639	0.190632
2.942855	0.015998	0.008510	0.011499	0.233205	0.000641	0.015855	0.000503	0.190814
2.942784	0.016032	0.008631	0.011679	0.233172	0.000680	0.015283	0.000599	0.190645
2.942962	0.015961	0.008587	0.012136	0.233181	0.000645	0.015778	0.000565	0.190804
2.940082	0.015930	0.008700	0.012178	0.233126	0.000707	0.015456	0.000548	0.190708
2.938530	0.016041	0.008602	0.011552	0.233227	0.000684	0.015889	0.000711	0.190966
2.939525	0.016011	0.008456	0.011551	0.233289	0.000669	0.015532	0.000493	0.190782
2.939426	0.015997	0.008531	0.011450	0.233265	0.000675	0.015588	0.000573	0.190988
2.938669	0.016007	0.008684	0.011491	0.233231	0.000678	0.015575	0.000582	0.190787
2.935620	0.015911	0.008621	0.012206	0.233211	0.000694	0.015716	0.000531	0.191038
2.934415	0.015933	0.008629	0.011968	0.233251	0.000741	0.015363	0.000730	0.191016
2.936512	0.015961	0.008546	0.011635	0.233295	0.000673	0.015820	0.000517	0.191226
2.936940	0.015974	0.008560	0.011504	0.233320	0.000666	0.015480	0.000545	0.191200
2.932820	0.015911	0.008559	0.011369	0.233383	0.000659	0.015933	0.000574	0.191408
2.930271	0.015846	0.008544	0.011914	0.233391	0.000737	0.015758	0.000541	0.191529
2.932301	0.015937	0.008515	0.011955	0.233490	0.000720	0.015194	0.000647	0.191646
2.930798	0.015939	0.008580	0.011577	0.233433	0.000749	0.015515	0.000714	0.191670
2.928601	0.015938	0.008563	0.011482	0.233439	0.000694	0.015609	0.000531	0.191725
2.925668	0.015940	0.008604	0.011461	0.233533	0.000657	0.015803	0.000580	0.191950
2.926588	0.015844	0.008466	0.011845	0.233613	0.000642	0.015228	0.000564	0.191965
2.927517	0.015943	0.008555	0.011736	0.233538	0.000707	0.015647	0.000453	0.192015
2.924710	0.015908	0.008627	0.011711	0.233605	0.000710	0.015657	0.001049	0.191756
2.922900	0.015915	0.008627	0.011511	0.233609	0.000672	0.015756	0.000491	0.191878
2.921859	0.015953	0.008553	0.011212	0.233638	0.000620	0.015282	0.000550	0.191729
2.922526	0.015921	0.008535	0.011582	0.233560	0.000705	0.015530	0.000590	0.191896
2.920506	0.015791	0.008577	0.012071	0.233600	0.000690	0.015399	0.000519	0.191710
2.918171	0.015863	0.008555	0.011630	0.233666	0.000661	0.015784	0.000646	0.191881
2.917835	0.015937	0.008541	0.011170	0.233694	0.000668	0.015242	0.000600	0.191858
2.920944	0.015887	0.008377	0.011315	0.233632	0.000656	0.015508	0.000553	0.192060
2.919739	0.015960	0.008679	0.011238	0.233687	0.000698	0.015089	0.000575	0.191970
2.917147	0.015881	0.008574	0.011936	0.233752	0.000698	0.015552	0.000541	0.192198
2.917804	0.015818	0.008514	0.012052	0.233757	0.000724	0.016084	0.000511	0.192126
2.918642	0.015817	0.008448	0.011356	0.233722	0.000660	0.015390	0.000613	0.192350
2.918836	0.015922	0.008615	0.011293	0.233762	0.000698	0.015620	0.000482	0.192310
2.916195	0.015853	0.008649	0.011752	0.233798	0.000592	0.015378	0.000545	0.192421
2.914244	0.015869	0.008496	0.011564	0.233758	0.000691	0.015636	0.000565	0.192409
2.914634	0.015857	0.008446	0.012220	0.233798	0.000709	0.015278	0.000511	0.192380
2.915306	0.015808	0.008540	0.011303	0.233770	0.000753	0.015314	0.000774	0.192308
2.911127	0.015876	0.008452	0.011273	0.233795	0.000715	0.015490	0.000499	0.192320
2.907679	0.015807	0.008451	0.011229	0.233733	0.000655	0.015633	0.000563	0.192273
2.906986	0.015757	0.008442	0.011675	0.233746	0.000609	0.015173	0.000568	0.192082
2.906180	0.015673	0.008463	0.012137	0.233778	0.000707	0.015412	0.000540	0.191959
2.902480	0.015657	0.008527	0.011838	0.233721	0.000685	0.015249	0.000551	0.191864
2.900534	0.015778	0.008465	0.011392	0.233804	0.000692	0.015679	0.000478	0.191962
2.901721	0.015880	0.008522	0.011261	0.233798	0.000667	0.015506	0.000507	0.191815
2.903871	0.015865	0.008466	0.011369	0.233765	0.000686	0.015518	0.000566	0.191886
2.901398	0.015722	0.008523	0.011735	0.233778	0.000696	0.015515	0.000521	0.191811
2.899762	0.015633	0.008362	0.012263	0.233817	0.000721	0.015037	0.000499	0.192051
2.901438	0.015755	0.008339	0.011559	0.233821	0.000713	0.014992	0.000688	0.191914
2.901759	0.015885	0.008489	0.011318	0.233821	0.000649	0.015139	0.000472	0.191998
2.899366	0.015869	0.008518	0.011210	0.233851	0.000674	0.015182	0.000536	0.191939
2.898419	0.015770	0.008515	0.011430	0.233830	0.000705	0.015453	0.000557	0.192138
2.899072	0.015741	0.008449	0.012163	0.233827	0.000735	0.014978	0.000520	0.191928
2.900428	0.015787	0.008440	0.011347	0.233883	0.000701	0.015319	0.000557	0.192097
2.898340	0.015753	0.008504	0.011425	0.233887	0.000640	0.015734	0.000497	0.192002
2.895456	0.015755	0.008375	0.011171	0.233948	0.000656	0.015535	0.000522	0.192230
2.894829	0.015697	0.008374	0.011568	0.233945	0.000722	0.015091	0.000576	0.192058
2.894750	0.015685	0.008367	0.012125	0.233971	0.000731	0.015502	0.000506	0.192080
2.893206	0.015574	0.008461	0.011705	0.233906	0.000770	0.015238	0.000518	0.191968
2.890679	0.015718	0.008384	0.011164	0.233988	0.000703	0.015426	0.000571	0.192103
2.889526	0.015721	0.008375	0.011344	0.234000	0.000694	0.015110	0.000505	0.191988
2.893216	0.015744	0.008383	0.011030	0.234017	0.000601	0.015278	0.000580	0.192066
2.892992	0.015620	0.008452	0.011758	0.233958	0.000657	0.015181	0.000543	0.191989
2.892432	0.015618	0.008470	0.012119	0.234030	0.000706	0.015355	0.000476	0.192173
2.892212	0.015680	0.008396	0.011299	0.234034	0.000672	0.015148	0.000754	0.192075
2.891987	0.015701	0.008385	0.011244	0.234034	0.000710	0.015409	0.000512	0.192166
2.891265	0.015765	0.008407	0.011210	0.234055	0.000710	0.015200	0.000541	0.192096
2.887006	0.015652	0.008401	0.011397	0.234115	0.000657	0.015572	0.000565	0.192119
2.885036	0.015600	0.008267	0.012053	0.234074	0.000750	0.015188	0.000483	0.192135
2.884771	0.015648	0.008270	0.011420	0.234158	0.000759	0.015102	0.000542	0.191979
2.881772	0.015614	0.008366	0.011491	0.234145	0.000697	0.015101	0.000507	0.191979
2.878195	0.015599	0.008342	0.011428	0.234148	0.000623	0.015305	0.000517	0.191845
2.876019	0.015668	0.008433	0.011471	0.234130	0.000667	0.015134	0.000567	0.192030
2.880230	0.015642	0.008344	0.011971	0.234184	0.000722	0.015038	0.000523	0.191913
2.882431	0.015590	0.008201	0.011902	0.234136	0.000727	0.014982	0.000510	0.192046
2.881407	0.015590	0.008476	0.011386	0.234139	0.000727	0.015295	0.000642	0.191960
2.881699	0.015709	0.008357	0.011248	0.234239	0.000664	0.015153	0.000474	0.192124
2.881848	0.015711	0.008375	0.011145	0.234172	0.000633	0.015046	0.000569	0.192055
2.880717	0.015702	0.008411	0.011585	0.234185	0.000688	0.015452	0.000540	0.192182
2.877643	0.015584	0.008464	0.011849	0.234202	0.000743	0.015214	0.000481	0.191976
2.875240	0.015628	0.008476	0.011168	0.234213	0.000694	0.015513	0.000560	0.192176
2.875155	0.015605	0.008332	0.011082	0.234237	0.000662	0.014871	0.000467	0.192073
2.874994	0.015646	0.008388	0.011162	0.234212	0.000669	0.015118	0.000548	0.192080
2.871730	0.015642	0.008433	0.010977	0.234259	0.000734	0.015098	0.000569	0.192016
2.870216	0.015552	0.008397	0.011990	0.234301	0.000708	0.015327	0.000490	0.192123
2.870877	0.015523	0.008227	0.011437	0.234306	0.000676	0.014815	0.000531	0.192111
