#header text header text texty text text
0.780843	0.045393	0.009974	0.008869	3.630842	0.026157	0.017657	0.038592	0.462682
0.780451	0.051307	0.010647	0.009772	3.639018	0.025762	0.020974	0.025397	0.463911
0.781355	0.052451	0.010701	0.009120	3.635679	0.026189	0.017550	0.023155	0.464517
0.780491	0.047739	0.010815	0.008408	3.634533	0.026201	0.016812	0.038009	0.465129
0.781048	0.042187	0.009649	0.009832	3.628611	0.026008	0.017718	0.035648	0.465867
0.780775	0.050536	0.010323	0.010510	3.646625	0.025924	0.020698	0.027039	0.465080
0.781708	0.056236	0.010447	0.008603	3.623788	0.026132	0.017533	0.023536	0.465978
0.780995	0.041722	0.011055	0.007366	3.642066	0.026297	0.016522	0.030761	0.465329
0.781401	0.036327	0.009594	0.009336	3.642090	0.026476	0.017831	0.045886	0.466683
0.781030	0.057881	0.010802	0.010554	3.639006	0.026477	0.020485	0.029068	0.464457
0.781544	0.059737	0.010531	0.008911	3.626119	0.026245	0.017578	0.023768	0.465622
0.780700	0.045689	0.011538	0.008448	3.638544	0.026367	0.016558	0.022723	0.464283
0.781462	0.029859	0.009882	0.010115	3.637147	0.026417	0.018047	0.042563	0.464883
0.781121	0.047039	0.010743	0.010598	3.644297	0.026047	0.020812	0.028040	0.464773
0.782103	0.056716	0.010622	0.008510	3.642421	0.026190	0.017266	0.022486	0.465081
0.781219	0.050158	0.011165	0.007542	3.636763	0.026526	0.016747	0.031828	0.465543
0.781277	0.038493	0.010369	0.009145	3.637924	0.026398	0.018038	0.042127	0.463727
0.781444	0.043980	0.010613	0.010030	3.643451	0.026195	0.020576	0.036237	0.465114
0.781646	0.051412	0.010761	0.008501	3.634029	0.026236	0.017238	0.013151	0.465651
0.781055	0.060973	0.010734	0.008602	3.651614	0.026162	0.016559	0.035847	0.465907
0.781521	0.041548	0.009666	0.010040	3.629324	0.026216	0.018298	0.036720	0.466551
0.781409	0.051124	0.010341	0.011438	3.631218	0.026332	0.020418	0.033443	0.465724
0.781764	0.053506	0.010783	0.009115	3.642875	0.026192	0.017312	0.021416	0.466076
0.781270	0.043576	0.010953	0.008185	3.637884	0.026348	0.016247	0.027427	0.465836
0.781663	0.043769	0.009676	0.010016	3.638318	0.026555	0.018447	0.042028	0.466168
0.781724	0.057287	0.010636	0.010461	3.633779	0.026529	0.020480	0.023097	0.465235
0.781768	0.050389	0.010909	0.008521	3.640788	0.026042	0.017128	0.018025	0.465084
0.781415	0.039879	0.011353	0.007839	3.631541	0.026606	0.016492	0.034175	0.464461
0.781414	0.044869	0.010204	0.010053	3.634752	0.026346	0.018534	0.033732	0.463908
0.781601	0.058230	0.010998	0.010987	3.639552	0.026153	0.020496	0.027091	0.464698
0.781967	0.055749	0.010973	0.009227	3.634061	0.026264	0.017077	0.020171	0.464805
0.781670	0.048612	0.011127	0.008078	3.639593	0.026282	0.016432	0.035268	0.465258
0.781418	0.043668	0.010037	0.009631	3.638289	0.026289	0.018647	0.036447	0.464918
0.782015	0.048864	0.010573	0.009948	3.641551	0.026218	0.020464	0.033375	0.465745
0.781657	0.051541	0.010897	0.007969	3.631733	0.026162	0.017229	0.012636	0.465975
0.781544	0.049650	0.010573	0.008255	3.635939	0.026025	0.016308	0.029488	0.466203
0.781489	0.039042	0.009742	0.010036	3.635409	0.026447	0.018726	0.036347	0.467097
0.781859	0.044206	0.010596	0.011061	3.635527	0.026248	0.020399	0.031618	0.465155
0.781747	0.058096	0.010850	0.009316	3.638211	0.026181	0.017265	0.016013	0.466451
0.781662	0.044762	0.010846	0.008633	3.642078	0.026549	0.016237	0.034765	0.465489
0.781514	0.042067	0.010324	0.010124	3.631061	0.026576	0.018778	0.030110	0.464407
0.781906	0.049660	0.010491	0.010384	3.627213	0.026204	0.020170	0.023268	0.465816
0.782005	0.055220	0.011361	0.008218	3.643923	0.026368	0.017347	0.016766	0.464200
0.781866	0.044962	0.010632	0.007961	3.640231	0.026652	0.016275	0.036655	0.466118
0.781723	0.041845	0.010510	0.009897	3.645336	0.026387	0.018837	0.037166	0.463624
0.782197	0.045545	0.010697	0.010650	3.638503	0.026415	0.020183	0.034174	0.465831
0.782030	0.055167	0.010783	0.009098	3.640199	0.026286	0.017215	0.020407	0.465875
0.781992	0.044481	0.010719	0.008776	3.642117	0.026155	0.016434	0.030927	0.465978
0.781309	0.030036	0.010056	0.010070	3.636944	0.026290	0.018881	0.045265	0.465917
0.782137	0.056165	0.009848	0.010369	3.642878	0.026160	0.020089	0.022899	0.467555
0.781626	0.060829	0.010768	0.007864	3.644679	0.026068	0.017182	0.022082	0.467112
0.782012	0.046868	0.010340	0.008043	3.644608	0.026498	0.016257	0.037579	0.466483
0.781699	0.027082	0.010467	0.009815	3.625154	0.026503	0.019060	0.043654	0.464934
0.782092	0.050036	0.010541	0.010560	3.644357	0.026540	0.019727	0.027685	0.465404
0.781890	0.053585	0.011402	0.009158	3.641518	0.026581	0.017502	0.017815	0.464584
0.782010	0.049972	0.010575	0.008981	3.626004	0.026790	0.016254	0.041192	0.466188
0.781498	0.041400	0.010074	0.010927	3.640989	0.026586	0.019057	0.038867	0.465877
0.782180	0.046669	0.010775	0.010627	3.644785	0.026300	0.019823	0.026572	0.465081
0.782035	0.058161	0.011334	0.008160	3.633266	0.026287	0.017303	0.023981	0.464738
0.782009	0.044332	0.010784	0.008138	3.631983	0.026464	0.016468	0.036417	0.465792
0.781400	0.048813	0.010354	0.009867	3.637524	0.026458	0.019292	0.037566	0.464986
0.782484	0.046821	0.010587	0.010057	3.632420	0.026173	0.019804	0.025826	0.466091
0.781593	0.049964	0.011103	0.008706	3.638708	0.026321	0.017138	0.017119	0.466062
0.781946	0.044475	0.010449	0.009258	3.632060	0.026090	0.016366	0.033966	0.466356
0.781502	0.049011	0.009878	0.010824	3.629988	0.026417	0.019527	0.039947	0.467488
0.782518	0.052740	0.009965	0.011138	3.634241	0.026351	0.019367	0.022668	0.466882
0.781646	0.053542	0.010964	0.008290	3.628545	0.026192	0.017048	0.022167	0.467140
0.782201	0.048654	0.010485	0.008248	3.626120	0.026597	0.016417	0.034484	0.465829
0.781515	0.043691	0.010336	0.010409	3.643615	0.026747	0.019581	0.034728	0.465636
0.782478	0.037243	0.010710	0.010199	3.636964	0.026505	0.019529	0.033255	0.465037
0.781692	0.052778	0.011440	0.008247	3.638387	0.026469	0.017096	0.015683	0.465478
0.782192	0.039724	0.010763	0.008736	3.644287	0.026807	0.016160	0.042015	0.465638
0.781415	0.044033	0.010293	0.010941	3.633986	0.026399	0.019865	0.035048	0.465282
0.782536	0.058011	0.010627	0.010822	3.640769	0.026086	0.019409	0.019611	0.465870
0.781821	0.050271	0.011167	0.008340	3.641161	0.026460	0.016809	0.021162	0.465913
0.782472	0.036136	0.010324	0.008477	3.637790	0.026439	0.016351	0.037741	0.466870
0.781561	0.043349	0.010288	0.010058	3.633999	0.026397	0.019900	0.037245	0.465893
0.782988	0.046512	0.010210	0.009903	3.645412	0.026358	0.019251	0.021459	0.466887
0.781562	0.054476	0.011337	0.008155	3.631057	0.026404	0.016966	0.019642	0.466778
