#header text header text texty text text
0.803792	0.044480	0.010145	0.011951	3.628948	0.025770	0.017028	0.033544	0.463649
0.802771	0.044845	0.010473	0.012528	3.638676	0.026225	0.021051	0.044115	0.464135
0.804231	0.058243	0.010124	0.012058	3.627816	0.026020	0.019297	0.021249	0.464469
0.802665	0.056737	0.011662	0.011579	3.632399	0.026266	0.017687	0.025854	0.464163
0.804120	0.057279	0.010342	0.012174	3.639063	0.026339	0.016925	0.040978	0.464237
0.803048	0.048191	0.010935	0.012179	3.643476	0.026423	0.021098	0.041077	0.463208
0.804806	0.062212	0.010287	0.011260	3.625681	0.026108	0.019066	0.025024	0.464261
0.803233	0.054644	0.011471	0.010314	3.636188	0.025988	0.017592	0.026220	0.465151
0.804240	0.045674	0.010631	0.011748	3.638811	0.026362	0.016916	0.033087	0.463622
0.803178	0.060063	0.010355	0.012421	3.635796	0.026280	0.021164	0.030289	0.464674
0.804925	0.050724	0.010261	0.011728	3.639350	0.026096	0.019065	0.024118	0.465219
0.803442	0.064624	0.011445	0.011720	3.646022	0.026047	0.017358	0.019375	0.464601
0.804604	0.047806	0.010568	0.012625	3.630364	0.026172	0.017264	0.039104	0.464569
0.803379	0.055041	0.010395	0.012489	3.640082	0.026027	0.021282	0.038846	0.464589
0.805068	0.063938	0.009969	0.011319	3.643647	0.025762	0.018896	0.016933	0.466022
0.803523	0.055599	0.011277	0.010932	3.633410	0.026058	0.017509	0.019772	0.465567
0.804815	0.044546	0.009993	0.012120	3.636304	0.026262	0.017340	0.038986	0.466698
0.803605	0.050420	0.010184	0.012351	3.634454	0.026314	0.021115	0.043353	0.466388
0.805265	0.059710	0.009886	0.011636	3.637519	0.026189	0.018656	0.022925	0.466550
0.803616	0.061473	0.011812	0.011964	3.640339	0.026212	0.017478	0.018974	0.464963
0.804653	0.048041	0.010131	0.012527	3.635638	0.026213	0.017546	0.040257	0.465609
0.803691	0.053106	0.010368	0.012739	3.642146	0.026500	0.021319	0.039919	0.466259
0.805294	0.065557	0.009670	0.011442	3.645543	0.026146	0.018544	0.025376	0.466895
0.803585	0.055634	0.011686	0.010571	3.637798	0.026182	0.017511	0.022178	0.466195
0.804978	0.057896	0.010059	0.011826	3.633372	0.026602	0.017410	0.042955	0.465809
0.803800	0.050152	0.010973	0.011875	3.636795	0.026411	0.021399	0.029951	0.463725
0.805232	0.054438	0.010313	0.011323	3.638944	0.026029	0.018498	0.015409	0.465012
0.804031	0.064660	0.012021	0.011392	3.638984	0.026096	0.017324	0.024307	0.464269
0.805003	0.044321	0.010384	0.012578	3.629203	0.026262	0.017292	0.036011	0.464570
0.804002	0.051349	0.010533	0.012755	3.640809	0.026366	0.021492	0.041069	0.464854
0.805712	0.056134	0.010290	0.011726	3.633684	0.026234	0.018431	0.023982	0.465936
0.804235	0.055942	0.011546	0.011089	3.627657	0.025919	0.017241	0.023348	0.464889
0.805286	0.046478	0.010085	0.012163	3.635331	0.026550	0.017462	0.044146	0.466112
0.803952	0.053433	0.010354	0.011938	3.642084	0.026107	0.021510	0.035119	0.465219
0.805646	0.066366	0.010011	0.011331	3.625244	0.026146	0.018390	0.015909	0.467485
0.804090	0.055633	0.011689	0.011603	3.635556	0.026144	0.017298	0.023410	0.465159
0.805069	0.044237	0.009530	0.012844	3.637073	0.026336	0.017543	0.037319	0.467782
0.804248	0.055261	0.010208	0.012986	3.633808	0.026301	0.021417	0.035213	0.467079
0.805670	0.064348	0.010067	0.012027	3.630643	0.026130	0.018362	0.020273	0.466321
0.804119	0.057371	0.012091	0.011346	3.644491	0.026393	0.017397	0.023489	0.464733
0.805391	0.042765	0.009688	0.012002	3.629085	0.026457	0.017527	0.041438	0.466518
0.804480	0.051907	0.010973	0.012001	3.633121	0.026751	0.021738	0.036259	0.464128
0.805988	0.053189	0.010347	0.010769	3.636965	0.026320	0.018367	0.021815	0.465576
0.804535	0.057392	0.012153	0.010982	3.635811	0.026170	0.017309	0.026435	0.463999
0.805453	0.047100	0.009894	0.012544	3.630766	0.026706	0.017469	0.041785	0.465948
0.804437	0.060171	0.010759	0.012795	3.644350	0.026235	0.021765	0.031243	0.464459
0.805901	0.052048	0.010562	0.012001	3.631431	0.025979	0.018292	0.024592	0.465594
0.804596	0.053604	0.011663	0.011568	3.639449	0.026049	0.017304	0.019438	0.465017
0.805404	0.043799	0.010017	0.012352	3.638855	0.026490	0.017472	0.048583	0.466320
0.804473	0.059828	0.010313	0.012204	3.632093	0.026018	0.021604	0.028311	0.466348
0.806224	0.062587	0.009996	0.010898	3.628538	0.026128	0.018196	0.024129	0.468045
0.804580	0.052273	0.011493	0.011324	3.642056	0.026123	0.017338	0.019769	0.465782
0.805382	0.046254	0.010110	0.012438	3.632426	0.026470	0.017813	0.044877	0.465618
0.804819	0.062174	0.010844	0.012920	3.634789	0.026553	0.021592	0.032340	0.464987
0.805785	0.065606	0.010480	0.012129	3.639190	0.026354	0.017907	0.023756	0.465458
0.804256	0.056697	0.011661	0.011889	3.637831	0.026214	0.017410	0.026969	0.465837
0.805513	0.049170	0.010418	0.012452	3.635184	0.026589	0.017853	0.042989	0.464291
0.804713	0.062806	0.011012	0.012260	3.644532	0.026707	0.021600	0.033680	0.464609
0.805713	0.067791	0.010528	0.011041	3.637277	0.026065	0.018108	0.012963	0.465336
0.804421	0.060815	0.011988	0.010952	3.639357	0.025990	0.017453	0.030503	0.465077
0.805711	0.044935	0.010187	0.012195	3.629059	0.026727	0.017887	0.042567	0.465234
0.804751	0.057780	0.010988	0.012465	3.643673	0.026269	0.021553	0.028001	0.464152
0.805774	0.059309	0.010296	0.011779	3.629545	0.026175	0.017981	0.011258	0.466645
0.804834	0.058927	0.011430	0.011920	3.639086	0.026294	0.017275	0.031448	0.466234
0.805689	0.046361	0.009801	0.012680	3.641101	0.026188	0.018053	0.043766	0.466727
0.804734	0.047680	0.010407	0.012393	3.634560	0.026165	0.021583	0.040215	0.465343
0.806309	0.068127	0.010193	0.011118	3.635119	0.025746	0.017878	0.018268	0.467215
0.804968	0.052802	0.011706	0.011198	3.642114	0.026197	0.017430	0.027381	0.465414
0.805547	0.047634	0.009955	0.012398	3.634987	0.026669	0.018123	0.036309	0.466135
0.805062	0.057436	0.010081	0.012266	3.637089	0.026141	0.021475	0.031152	0.467117
0.806200	0.062517	0.009979	0.011724	3.626284	0.026046	0.017805	0.017590	0.467834
0.805029	0.061417	0.011600	0.012323	3.646952	0.026195	0.017302	0.026570	0.466065
0.805720	0.048147	0.009972	0.012869	3.632790	0.026683	0.018467	0.048745	0.465920
0.805316	0.055321	0.010674	0.012740	3.635951	0.026511	0.021498	0.030897	0.465761
0.806288	0.060039	0.010533	0.011197	3.631687	0.026159	0.017565	0.015049	0.465411
0.805006	0.056889	0.011594	0.011084	3.639343	0.026582	0.017204	0.034977	0.466226
0.805966	0.053753	0.009818	0.012467	3.627290	0.026659	0.018506	0.034245	0.466013
0.805560	0.044221	0.010784	0.011993	3.631930	0.026610	0.021441	0.042332	0.465643
0.806267	0.056639	0.010839	0.011406	3.638135	0.026077	0.017658	0.017352	0.464934
