#header text header text texty text text
0.876149	0.080799	0.010950	0.027794	3.629487	0.026232	0.018568	0.014189	0.469636
0.876599	0.070878	0.011132	0.028507	3.627877	0.026860	0.019084	0.041734	0.468823
0.876120	0.068992	0.010912	0.027518	3.631922	0.027210	0.022963	0.044024	0.467089
0.877288	0.074408	0.010015	0.025700	3.632159	0.026716	0.021504	0.027845	0.468387
0.876194	0.082411	0.010997	0.026532	3.636558	0.026442	0.018613	0.021320	0.469610
0.876856	0.067448	0.011423	0.027455	3.632817	0.026679	0.018838	0.031611	0.468751
0.876115	0.063018	0.010444	0.026181	3.634444	0.027199	0.022766	0.043760	0.468902
0.877415	0.078418	0.009883	0.025381	3.638781	0.026692	0.021304	0.026871	0.469994
0.876328	0.084350	0.011238	0.026890	3.630055	0.026408	0.018352	0.022893	0.469710
0.876736	0.072606	0.010759	0.029018	3.629626	0.026665	0.019023	0.039442	0.471091
0.875776	0.066634	0.010328	0.027576	3.636121	0.027307	0.022974	0.044022	0.470128
0.877486	0.078921	0.009552	0.026501	3.630715	0.026606	0.021425	0.021505	0.470910
0.876237	0.079453	0.011407	0.027130	3.625337	0.026542	0.018425	0.017851	0.469917
0.876964	0.067453	0.010393	0.028254	3.621854	0.026838	0.019047	0.032739	0.471425
0.875749	0.064042	0.010308	0.026577	3.636830	0.027220	0.023131	0.051325	0.470931
0.877378	0.080983	0.009480	0.025778	3.625878	0.026800	0.021237	0.022724	0.470907
0.876077	0.078548	0.011288	0.027365	3.625066	0.026705	0.018650	0.025292	0.470610
0.876563	0.066760	0.010749	0.028221	3.638822	0.026757	0.018875	0.034443	0.470962
0.875994	0.081422	0.010798	0.027662	3.625554	0.027125	0.023352	0.025878	0.469477
0.877509	0.080638	0.009511	0.026100	3.618468	0.027178	0.020852	0.025048	0.470988
0.876129	0.082844	0.011731	0.026867	3.638215	0.026781	0.018694	0.016238	0.468682
0.877020	0.069513	0.011372	0.027463	3.624971	0.027292	0.018988	0.041257	0.468832
0.876120	0.067831	0.010828	0.025824	3.630101	0.027250	0.023217	0.040537	0.468971
0.877702	0.079480	0.010113	0.024810	3.632788	0.026807	0.020814	0.025198	0.469528
0.876156	0.081844	0.011558	0.026110	3.625949	0.026484	0.018569	0.023124	0.469038
0.876955	0.065028	0.010867	0.027862	3.632969	0.027092	0.018865	0.037518	0.470708
0.876071	0.079704	0.010464	0.026516	3.629004	0.027369	0.023220	0.033947	0.469665
0.877752	0.083251	0.009773	0.026110	3.629271	0.027014	0.020474	0.022915	0.471186
0.876076	0.079929	0.011382	0.026957	3.631358	0.026533	0.018523	0.019716	0.470416
0.876963	0.066144	0.010714	0.028054	3.624750	0.027007	0.019147	0.041857	0.471441
0.875913	0.070667	0.010316	0.026434	3.623169	0.027437	0.023203	0.040916	0.470984
0.877916	0.078817	0.009706	0.025364	3.635177	0.026698	0.020489	0.025902	0.470966
0.875757	0.078791	0.011321	0.026569	3.631643	0.026626	0.018663	0.023517	0.470860
0.877141	0.065140	0.010483	0.028141	3.631021	0.027000	0.019131	0.040214	0.471770
0.876022	0.085986	0.010468	0.027184	3.632999	0.027434	0.023406	0.037292	0.471403
0.877701	0.077743	0.009243	0.026459	3.627428	0.027059	0.020172	0.026844	0.471981
0.876072	0.080700	0.011591	0.028035	3.635911	0.026907	0.018752	0.017318	0.471453
0.877019	0.064944	0.010585	0.028424	3.621709	0.027081	0.019530	0.041391	0.471505
0.876326	0.077635	0.010817	0.026644	3.628428	0.027573	0.023571	0.032983	0.469933
0.877758	0.080558	0.009530	0.025155	3.636555	0.027049	0.020047	0.021993	0.471036
0.875884	0.083981	0.011955	0.026381	3.635074	0.026676	0.018843	0.019234	0.469952
0.877060	0.072682	0.011022	0.027231	3.630964	0.027172	0.019285	0.039070	0.470182
0.876120	0.069681	0.010714	0.025804	3.637422	0.027413	0.023605	0.037720	0.469584
0.877644	0.084641	0.009982	0.025734	3.625099	0.026829	0.019899	0.020146	0.470285
0.876191	0.070651	0.011695	0.026990	3.627365	0.026566	0.018675	0.012959	0.469982
0.877246	0.067490	0.010890	0.027848	3.633017	0.027270	0.019360	0.039473	0.470909
0.876082	0.070209	0.010329	0.025827	3.631512	0.027313	0.023445	0.040567	0.470477
0.877636	0.086642	0.009533	0.025273	3.625312	0.026688	0.019968	0.016521	0.472089
0.876021	0.081160	0.011513	0.026151	3.639545	0.026553	0.018408	0.020140	0.471100
0.877173	0.062860	0.010539	0.027592	3.629556	0.027264	0.019495	0.041515	0.472015
0.875947	0.072224	0.010415	0.026291	3.632492	0.027514	0.023590	0.040586	0.471166
0.878064	0.083861	0.009648	0.026119	3.626334	0.026929	0.019804	0.023646	0.471246
0.875976	0.070698	0.011872	0.027968	3.631769	0.026677	0.018598	0.019589	0.471048
0.877064	0.069244	0.010454	0.028636	3.621344	0.027332	0.019783	0.042682	0.471281
0.876501	0.074967	0.010711	0.026940	3.629415	0.027606	0.023845	0.038637	0.470239
0.878007	0.086573	0.009654	0.025819	3.636537	0.027056	0.019673	0.020841	0.471155
0.876106	0.076323	0.012158	0.026692	3.632531	0.027071	0.018876	0.022510	0.469644
0.877207	0.064387	0.010835	0.027141	3.622611	0.027472	0.019487	0.047060	0.470270
0.876346	0.068238	0.010751	0.025278	3.639518	0.027485	0.023757	0.042107	0.469834
0.878106	0.085148	0.009996	0.025146	3.630617	0.026965	0.019622	0.017826	0.470958
0.876041	0.073987	0.011886	0.026778	3.625325	0.026528	0.018602	0.019755	0.470215
0.877420	0.064811	0.010541	0.027989	3.631051	0.027224	0.019453	0.038726	0.471521
0.876508	0.067658	0.010467	0.025968	3.625637	0.027347	0.023594	0.039713	0.470381
0.877895	0.083462	0.009696	0.025734	3.632923	0.026799	0.019681	0.015813	0.471920
0.875981	0.074632	0.011616	0.026560	3.634768	0.026753	0.018424	0.020845	0.471260
0.877320	0.058988	0.010445	0.027349	3.626555	0.027280	0.019688	0.046388	0.471480
0.876295	0.076688	0.010446	0.025814	3.631960	0.027552	0.023633	0.037674	0.471264
0.878095	0.079757	0.009636	0.025518	3.621553	0.027002	0.019456	0.022760	0.472112
0.876037	0.066152	0.011755	0.027571	3.638730	0.026727	0.018741	0.017308	0.471599
0.877212	0.075274	0.010105	0.028366	3.617301	0.027385	0.019862	0.038201	0.472178
0.876447	0.072715	0.010714	0.027111	3.627653	0.027667	0.023711	0.041231	0.470782
0.878218	0.082059	0.009804	0.026020	3.630537	0.027257	0.019397	0.023798	0.471201
0.876135	0.076021	0.012033	0.027779	3.633990	0.026989	0.018985	0.020737	0.470904
0.877146	0.064140	0.010470	0.027474	3.624368	0.027462	0.020024	0.046463	0.471261
0.876687	0.078180	0.010553	0.025603	3.623788	0.027602	0.023836	0.032570	0.471435
0.877932	0.083942	0.009726	0.025174	3.628041	0.027050	0.019318	0.020226	0.471397
0.876214	0.071438	0.011990	0.027116	3.637678	0.026741	0.019082	0.025124	0.471250
0.877190	0.067954	0.010981	0.027762	3.634017	0.027521	0.019800	0.045297	0.469483
0.876759	0.074712	0.010726	0.026107	3.639735	0.027367	0.023784	0.033525	0.470416
