#header text header text texty text text
0.855347	0.054649	0.013650	0.011132	3.642371	0.061596	0.022985	0.058918	0.617033
0.855921	0.067422	0.013850	0.008868	3.640238	0.061596	0.017498	0.041455	0.618233
0.855443	0.053772	0.014069	0.008583	3.636507	0.061877	0.017376	0.053944	0.618121
0.855271	0.048385	0.013125	0.010621	3.638361	0.062027	0.021044	0.072151	0.618726
0.855686	0.061331	0.013091	0.012205	3.640597	0.061842	0.022739	0.051279	0.619148
0.855510	0.066893	0.013868	0.009564	3.637013	0.062042	0.017650	0.043978	0.619191
0.855421	0.050831	0.014070	0.007731	3.637743	0.062485	0.017134	0.051874	0.619227
0.855859	0.043887	0.013412	0.009884	3.642971	0.062869	0.021108	0.069385	0.617171
0.855755	0.061738	0.013776	0.011574	3.638303	0.062266	0.022605	0.056274	0.618588
0.855736	0.071991	0.014324	0.008349	3.645762	0.062195	0.017917	0.040302	0.617561
0.855760	0.051963	0.014819	0.007826	3.640624	0.062616	0.017218	0.054509	0.617957
0.855731	0.047076	0.013482	0.010570	3.630609	0.062966	0.020985	0.064564	0.616793
0.855766	0.063234	0.013789	0.012172	3.639677	0.062442	0.022705	0.056882	0.618689
0.855770	0.063346	0.014376	0.009417	3.637388	0.062154	0.017553	0.036050	0.618000
0.855710	0.050566	0.014257	0.008025	3.632308	0.062716	0.017290	0.054755	0.618758
0.855518	0.043349	0.013488	0.010291	3.636987	0.062676	0.021195	0.067866	0.618471
0.855931	0.054467	0.013398	0.011084	3.639017	0.061800	0.022579	0.059747	0.619672
0.855866	0.068923	0.014066	0.008031	3.634095	0.062009	0.017500	0.040942	0.620058
0.855985	0.053592	0.013777	0.007811	3.637772	0.062420	0.017241	0.052307	0.620154
0.855394	0.044570	0.013379	0.010376	3.642405	0.062639	0.021513	0.062019	0.620414
0.856220	0.058188	0.013182	0.011873	3.632980	0.062272	0.022393	0.053354	0.620054
0.855903	0.070594	0.014194	0.009454	3.635882	0.062798	0.017690	0.038446	0.620061
0.855704	0.047997	0.013971	0.008093	3.635264	0.063005	0.017231	0.054096	0.619627
0.855770	0.046686	0.013788	0.010393	3.637639	0.062899	0.021507	0.065350	0.618858
0.856155	0.054855	0.013660	0.011508	3.633005	0.062547	0.022063	0.059047	0.619493
0.855641	0.061013	0.014513	0.007647	3.635320	0.062519	0.017981	0.038057	0.618809
0.856068	0.045708	0.014473	0.007171	3.635986	0.063077	0.017178	0.051830	0.619007
0.855927	0.036819	0.013910	0.010152	3.646454	0.062977	0.021674	0.068842	0.618465
0.856039	0.063672	0.013882	0.011745	3.639391	0.062573	0.022122	0.053847	0.619299
0.855652	0.062387	0.014626	0.008987	3.634488	0.062266	0.017702	0.044753	0.618702
0.856111	0.047773	0.014292	0.008192	3.643065	0.062754	0.017470	0.051719	0.619723
0.855531	0.043763	0.013769	0.010564	3.633141	0.062831	0.021668	0.068308	0.618765
0.856362	0.052060	0.013464	0.011182	3.639540	0.062150	0.021895	0.060630	0.620458
0.856021	0.070095	0.014327	0.007642	3.641611	0.062381	0.017494	0.041882	0.620364
0.856358	0.039523	0.013500	0.007568	3.625466	0.063072	0.017365	0.056044	0.621582
0.855397	0.051630	0.013601	0.010382	3.638675	0.062959	0.022035	0.068620	0.620647
0.856502	0.061510	0.013348	0.011094	3.635179	0.062485	0.021583	0.057354	0.620561
0.855773	0.064190	0.014719	0.008702	3.637583	0.062846	0.017463	0.038769	0.620189
0.856287	0.050330	0.013837	0.008438	3.630859	0.062912	0.017659	0.058239	0.620198
0.855465	0.042128	0.013384	0.010853	3.625271	0.062810	0.022415	0.065098	0.622272
0.856562	0.058480	0.013343	0.011709	3.631769	0.062799	0.021308	0.059462	0.620308
0.855822	0.061761	0.014865	0.007623	3.633645	0.062985	0.017700	0.043266	0.619545
0.856336	0.051633	0.014346	0.007145	3.643128	0.063651	0.017441	0.058799	0.618862
0.855753	0.045839	0.013935	0.010325	3.642267	0.063091	0.022323	0.060593	0.619512
0.856800	0.061839	0.013643	0.011178	3.633809	0.062781	0.021411	0.051688	0.620363
0.855718	0.069290	0.015038	0.008160	3.640488	0.062786	0.017766	0.045641	0.619266
0.856504	0.046022	0.014262	0.008187	3.634223	0.063007	0.017546	0.053934	0.620260
0.855634	0.042532	0.013877	0.010847	3.637652	0.062983	0.022413	0.066809	0.619332
0.856653	0.062406	0.013396	0.011750	3.635369	0.062602	0.021333	0.051743	0.620868
0.855951	0.058776	0.014565	0.007719	3.631136	0.062804	0.017286	0.044092	0.620391
0.856713	0.044379	0.013728	0.007422	3.643307	0.062994	0.017475	0.052870	0.621432
0.855409	0.048388	0.013726	0.010454	3.639297	0.063008	0.022451	0.060252	0.620244
0.856815	0.057177	0.013273	0.010576	3.632962	0.062430	0.021175	0.056111	0.622274
0.855995	0.058855	0.014553	0.007466	3.639609	0.062662	0.017175	0.038225	0.621294
0.856854	0.042298	0.013303	0.008345	3.637971	0.062800	0.017554	0.055676	0.622264
0.855271	0.046327	0.013672	0.010929	3.633859	0.062862	0.022852	0.068595	0.621680
0.856920	0.060941	0.012726	0.011515	3.638117	0.062731	0.020976	0.055901	0.622659
0.855628	0.060680	0.014650	0.007866	3.640024	0.063297	0.017368	0.032207	0.623271
0.856211	0.046212	0.013659	0.007633	3.629798	0.063476	0.017607	0.064434	0.620529
0.855538	0.048880	0.014263	0.010505	3.627829	0.063431	0.022973	0.066671	0.620222
0.856878	0.063602	0.013385	0.010773	3.643501	0.062898	0.020703	0.051878	0.621501
0.855447	0.067917	0.015256	0.007155	3.638332	0.063462	0.017636	0.049255	0.619767
0.856454	0.034029	0.013755	0.007809	3.634885	0.063414	0.017467	0.054402	0.620536
0.855552	0.060927	0.014216	0.011063	3.642155	0.063053	0.023175	0.064413	0.620374
0.856660	0.062574	0.013934	0.011775	3.635325	0.063032	0.020733	0.048566	0.620138
0.855296	0.061869	0.015101	0.008321	3.640820	0.063173	0.017694	0.036350	0.620515
0.856731	0.038970	0.013796	0.007807	3.641151	0.063478	0.017445	0.056713	0.620850
0.855505	0.036443	0.013851	0.010688	3.642941	0.063269	0.022826	0.073739	0.620237
0.856582	0.063906	0.013020	0.010568	3.625621	0.062481	0.020747	0.050111	0.623099
0.855489	0.061059	0.014836	0.006747	3.633866	0.062758	0.017296	0.043435	0.621343
0.856615	0.043529	0.012995	0.007868	3.643541	0.062942	0.017457	0.049901	0.623462
0.855127	0.054229	0.013458	0.010935	3.643225	0.063178	0.022986	0.068553	0.622811
0.856805	0.064250	0.012984	0.011151	3.625648	0.062835	0.020500	0.054072	0.623231
0.855478	0.054759	0.014548	0.008251	3.634393	0.063022	0.017370	0.042872	0.623451
0.856598	0.040613	0.012730	0.008328	3.643183	0.063184	0.017631	0.057871	0.623883
0.855247	0.054326	0.014080	0.011088	3.633563	0.063310	0.023331	0.065257	0.622300
0.856877	0.062015	0.013681	0.010671	3.632867	0.063152	0.020307	0.053365	0.620706
0.855129	0.051706	0.015215	0.006406	3.640694	0.063318	0.017617	0.037682	0.621754
0.856166	0.047529	0.013372	0.007594	3.634836	0.063687	0.017764	0.068052	0.621483
