#header text header text texty text text
0.906553	0.026163	0.013919	0.012655	3.631936	0.115553	0.017636	0.097961	0.804740
0.904077	0.040319	0.016440	0.018896	3.640882	0.114859	0.025620	0.105343	0.804977
0.906226	0.053005	0.016748	0.021701	3.631884	0.116064	0.022117	0.092952	0.806385
0.905229	0.052517	0.018051	0.015556	3.638594	0.115118	0.018454	0.082253	0.806982
0.906352	0.038827	0.012876	0.012945	3.626815	0.115105	0.017689	0.113767	0.808471
0.904816	0.039646	0.015759	0.020002	3.630822	0.114340	0.026077	0.103088	0.807711
0.906903	0.048360	0.014540	0.022555	3.640003	0.113944	0.021681	0.098402	0.813209
0.905075	0.052352	0.016574	0.016619	3.630853	0.114485	0.018267	0.086046	0.811281
0.906677	0.033902	0.012891	0.013653	3.630890	0.115131	0.018031	0.104508	0.812939
0.905216	0.039922	0.015090	0.020172	3.638690	0.114672	0.025901	0.106909	0.812924
0.906916	0.044437	0.016515	0.022669	3.621977	0.115732	0.021704	0.093040	0.812809
0.905284	0.046625	0.019016	0.016234	3.640577	0.116412	0.017990	0.085485	0.812221
0.907713	0.032400	0.013753	0.013244	3.638223	0.117069	0.018110	0.105789	0.811799
0.905205	0.040528	0.016920	0.020785	3.631059	0.116474	0.026072	0.102151	0.811528
0.906932	0.048611	0.017657	0.022382	3.634728	0.118069	0.021617	0.094334	0.811409
0.905865	0.045076	0.019918	0.016184	3.629699	0.118393	0.018069	0.088483	0.811056
0.907245	0.019671	0.012970	0.013688	3.624357	0.116977	0.018190	0.102288	0.813481
0.905827	0.036147	0.015349	0.019978	3.639035	0.115785	0.026504	0.101446	0.814103
0.907576	0.045615	0.016113	0.021597	3.629233	0.116428	0.021372	0.090926	0.815785
0.906130	0.056262	0.016368	0.015370	3.631457	0.115971	0.018171	0.092136	0.815908
0.907241	0.034635	0.011850	0.012915	3.625175	0.115548	0.018269	0.108960	0.817570
0.906323	0.037500	0.014400	0.020752	3.642705	0.115865	0.026420	0.110281	0.817970
0.907941	0.053666	0.015485	0.022795	3.627612	0.116484	0.021065	0.096688	0.819008
0.906240	0.047279	0.016119	0.016696	3.631619	0.116372	0.017852	0.086503	0.818365
0.907864	0.036555	0.012547	0.014796	3.631789	0.116939	0.018501	0.110178	0.819222
0.906347	0.032859	0.015466	0.021579	3.624157	0.116526	0.026285	0.104628	0.819036
0.907929	0.058699	0.017630	0.022550	3.627940	0.117820	0.021428	0.090739	0.818301
0.906439	0.045646	0.018326	0.015986	3.635336	0.118313	0.017688	0.090075	0.817908
0.908810	0.037378	0.013866	0.013289	3.629534	0.118909	0.018444	0.107808	0.816556
0.906780	0.044497	0.017091	0.021353	3.629167	0.118236	0.026444	0.095689	0.817702
0.907952	0.055708	0.017612	0.022503	3.623424	0.119061	0.021289	0.092203	0.817173
0.907319	0.044535	0.019981	0.016180	3.638909	0.120247	0.017813	0.086580	0.816322
0.908623	0.039857	0.012616	0.015007	3.627461	0.118883	0.018451	0.117194	0.817940
0.907332	0.028410	0.016423	0.021521	3.626091	0.117921	0.026736	0.107259	0.818716
0.908707	0.049815	0.016752	0.022089	3.629477	0.118683	0.021071	0.091304	0.819319
0.907852	0.046863	0.018153	0.014843	3.640458	0.119148	0.017907	0.095659	0.818992
0.908547	0.045205	0.011511	0.013120	3.629168	0.117444	0.018702	0.113747	0.821109
0.907867	0.039467	0.015144	0.020976	3.625734	0.116978	0.026811	0.100715	0.821542
0.909292	0.051126	0.016133	0.022382	3.633802	0.118220	0.020691	0.093783	0.823085
0.907895	0.042781	0.015416	0.015779	3.621502	0.117536	0.018038	0.096433	0.823342
0.908877	0.036217	0.012263	0.015207	3.623870	0.117249	0.018915	0.114177	0.823666
0.908271	0.039381	0.015632	0.022245	3.633318	0.118044	0.026482	0.106664	0.823619
0.909220	0.054533	0.016638	0.022573	3.629657	0.118856	0.020697	0.085303	0.825284
0.907944	0.049800	0.017297	0.015950	3.625598	0.119101	0.017823	0.093138	0.823468
0.909958	0.031932	0.013848	0.014112	3.633947	0.119001	0.019201	0.107518	0.823546
0.908504	0.034389	0.016862	0.022080	3.633234	0.119719	0.026277	0.107003	0.822327
0.909154	0.063134	0.018079	0.022241	3.629644	0.120330	0.020955	0.091403	0.822289
0.908832	0.040788	0.018687	0.016078	3.629025	0.120964	0.017577	0.090860	0.821743
0.910126	0.043601	0.014089	0.015509	3.644186	0.120840	0.019191	0.117155	0.821477
0.908840	0.038852	0.017354	0.022925	3.637799	0.119949	0.026508	0.106076	0.823861
0.909677	0.056575	0.017024	0.022584	3.624381	0.120245	0.020713	0.089244	0.822942
0.909660	0.044389	0.018929	0.015358	3.631296	0.121339	0.018003	0.090170	0.822399
0.909907	0.035242	0.011971	0.014395	3.621237	0.119304	0.019534	0.117897	0.824238
0.909376	0.040785	0.015615	0.021641	3.621338	0.119115	0.026788	0.105491	0.825308
0.910321	0.058014	0.016302	0.021471	3.629533	0.119663	0.020396	0.090066	0.826154
0.910114	0.044773	0.017510	0.014565	3.636027	0.120162	0.018073	0.099690	0.825255
0.910006	0.032098	0.011654	0.015146	3.627248	0.118447	0.019857	0.108607	0.827547
0.910278	0.037848	0.015198	0.022691	3.632843	0.118652	0.026817	0.111643	0.827894
0.910997	0.051243	0.016852	0.022486	3.625321	0.119974	0.020155	0.098581	0.828291
0.910242	0.042182	0.015308	0.015552	3.628171	0.119510	0.017610	0.093607	0.828384
0.910600	0.033307	0.012811	0.015085	3.632423	0.119626	0.020278	0.118233	0.828728
0.910402	0.050165	0.015901	0.022506	3.633146	0.119667	0.026512	0.096627	0.828711
0.910784	0.051080	0.018124	0.021917	3.628349	0.121256	0.020115	0.097802	0.827352
0.910343	0.048377	0.017144	0.015314	3.639714	0.121213	0.017447	0.093540	0.827807
0.911658	0.033006	0.014459	0.015574	3.630653	0.121162	0.020472	0.115892	0.826900
0.911115	0.045451	0.016868	0.023688	3.630277	0.121338	0.026190	0.099692	0.827276
0.910813	0.049192	0.018641	0.022568	3.631651	0.122287	0.020283	0.095471	0.826313
0.911347	0.046750	0.017840	0.016001	3.625977	0.122489	0.017403	0.105758	0.826711
0.912242	0.027703	0.014363	0.015928	3.630899	0.122694	0.020488	0.117226	0.825536
0.911286	0.041625	0.016738	0.022979	3.627280	0.121308	0.026534	0.104339	0.827934
0.911429	0.048528	0.017739	0.021548	3.628719	0.121901	0.020283	0.098073	0.826662
0.912023	0.040510	0.018090	0.014816	3.629657	0.122490	0.017353	0.086493	0.827676
0.912116	0.032643	0.012743	0.015445	3.625993	0.121493	0.020700	0.119667	0.827427
0.911965	0.049922	0.016190	0.023484	3.628249	0.121200	0.026934	0.102560	0.829485
0.912017	0.051872	0.016735	0.021974	3.629155	0.121485	0.020048	0.096899	0.829208
0.912494	0.042447	0.016976	0.015253	3.630467	0.122019	0.017282	0.101574	0.829687
0.912037	0.037496	0.011768	0.016673	3.632853	0.120537	0.021004	0.122233	0.830238
0.912765	0.038901	0.015178	0.023014	3.632785	0.119639	0.026519	0.107455	0.832758
0.912688	0.053427	0.016212	0.021007	3.621349	0.121235	0.019756	0.099057	0.831825
