#header text header text texty text text
0.504993	0.000656	0.000316	0.000637	0.184301	0.000462	0.000937	0.000391	0.242153
0.505023	0.000725	0.000272	0.000635	0.184328	0.000529	0.001021	0.000426	0.242276
0.504993	0.000708	0.000226	0.000692	0.184303	0.000495	0.000936	0.000384	0.242148
0.505042	0.000741	0.000241	0.000665	0.184293	0.000471	0.001070	0.000357	0.242238
0.505015	0.000787	0.000241	0.000670	0.184294	0.000487	0.000921	0.000390	0.242220
0.505121	0.000709	0.000289	0.000659	0.184336	0.000448	0.001015	0.000419	0.242114
0.505081	0.000693	0.000358	0.000583	0.184295	0.000485	0.001029	0.000403	0.242209
0.504929	0.000720	0.000227	0.000605	0.184360	0.000503	0.000932	0.000449	0.242174
0.504944	0.000667	0.000302	0.000635	0.184406	0.000516	0.001045	0.000365	0.242209
0.504984	0.000814	0.000208	0.000670	0.184362	0.000433	0.000954	0.000406	0.242244
0.504977	0.000720	0.000240	0.000668	0.184390	0.000402	0.000970	0.000425	0.242178
0.505093	0.000660	0.000311	0.000659	0.184352	0.000488	0.000953	0.000436	0.242263
0.505031	0.000720	0.000266	0.000721	0.184401	0.000517	0.000930	0.000346	0.242138
0.504929	0.000686	0.000303	0.000634	0.184403	0.000446	0.001040	0.000340	0.242247
0.504853	0.000811	0.000280	0.000669	0.184366	0.000461	0.000878	0.000390	0.242200
0.504939	0.000728	0.000252	0.000654	0.184368	0.000445	0.000930	0.000391	0.242145
0.504952	0.000677	0.000328	0.000618	0.184361	0.000456	0.001016	0.000407	0.242216
0.504948	0.000743	0.000178	0.000683	0.184330	0.000585	0.000936	0.000343	0.242176
0.504994	0.000685	0.000253	0.000657	0.184384	0.000497	0.000860	0.000437	0.242178
0.504937	0.000731	0.000292	0.000660	0.184371	0.000506	0.000997	0.000421	0.242133
0.504964	0.000758	0.000218	0.000694	0.184400	0.000462	0.000881	0.000415	0.242178
0.504885	0.000691	0.000277	0.000648	0.184359	0.000489	0.001061	0.000407	0.242242
0.504920	0.000714	0.000258	0.000603	0.184388	0.000464	0.000879	0.000353	0.242172
0.504895	0.000685	0.000216	0.000720	0.184326	0.000522	0.000963	0.000510	0.242202
0.505057	0.000714	0.000303	0.000633	0.184347	0.000462	0.000936	0.000341	0.242107
0.505008	0.000804	0.000240	0.000662	0.184362	0.000477	0.000999	0.000412	0.242194
0.504951	0.000697	0.000281	0.000678	0.184399	0.000438	0.000879	0.000412	0.242155
0.504919	0.000708	0.000240	0.000665	0.184418	0.000500	0.000971	0.000386	0.242096
0.504851	0.000722	0.000228	0.000665	0.184405	0.000498	0.000898	0.000567	0.242175
0.504911	0.000677	0.000272	0.000626	0.184385	0.000491	0.000885	0.000348	0.242168
0.504869	0.000819	0.000251	0.000648	0.184448	0.000468	0.001050	0.000405	0.242156
0.504828	0.000687	0.000219	0.000707	0.184387	0.000486	0.001044	0.000405	0.242196
0.504853	0.000745	0.000277	0.000633	0.184334	0.000497	0.000962	0.000374	0.242179
0.504885	0.000705	0.000193	0.000591	0.184336	0.000518	0.000879	0.000365	0.242093
0.504807	0.000713	0.000245	0.000641	0.184373	0.000570	0.001007	0.000325	0.242153
0.504811	0.000717	0.000287	0.000646	0.184347	0.000472	0.000926	0.000410	0.242153
0.504785	0.000776	0.000224	0.000679	0.184383	0.000474	0.000916	0.000406	0.242090
0.504827	0.000722	0.000303	0.000681	0.184431	0.000435	0.000923	0.000380	0.242180
0.504829	0.000687	0.000268	0.000625	0.184407	0.000491	0.001009	0.000394	0.242131
0.504827	0.000635	0.000207	0.000686	0.184397	0.000500	0.000899	0.000371	0.242067
0.504780	0.000699	0.000289	0.000650	0.184340	0.000464	0.001029	0.000377	0.242187
0.504777	0.000818	0.000238	0.000660	0.184355	0.000470	0.000882	0.000410	0.242119
0.504724	0.000730	0.000281	0.000671	0.184393	0.000469	0.001030	0.000413	0.242113
0.504786	0.000714	0.000248	0.000576	0.184373	0.000470	0.000923	0.000412	0.242164
0.504798	0.000696	0.000243	0.000577	0.184356	0.000536	0.001005	0.000411	0.242097
0.504811	0.000696	0.000292	0.000599	0.184398	0.000467	0.000891	0.000417	0.242100
0.504812	0.000812	0.000256	0.000635	0.184411	0.000477	0.000977	0.000414	0.242137
0.504767	0.000699	0.000268	0.000683	0.184392	0.000432	0.000987	0.000409	0.242166
0.504832	0.000634	0.000316	0.000663	0.184417	0.000430	0.000857	0.000386	0.242104
0.504728	0.000747	0.000195	0.000649	0.184431	0.000516	0.001030	0.000430	0.242142
0.504738	0.000681	0.000291	0.000727	0.184439	0.000458	0.000864	0.000512	0.242093
0.504778	0.000808	0.000288	0.000678	0.184388	0.000471	0.000988	0.000381	0.242104
0.504722	0.000756	0.000191	0.000692	0.184435	0.000439	0.001042	0.000396	0.242111
0.504736	0.000679	0.000306	0.000666	0.184457	0.000406	0.000859	0.000398	0.242105
0.504690	0.000711	0.000213	0.000623	0.184353	0.000475	0.000893	0.000347	0.242052
0.504732	0.000695	0.000279	0.000613	0.184377	0.000486	0.001005	0.000413	0.242153
0.504663	0.000731	0.000291	0.000657	0.184424	0.000457	0.000838	0.000438	0.242076
0.504637	0.000768	0.000212	0.000661	0.184416	0.000478	0.001022	0.000417	0.242129
0.504676	0.000687	0.000320	0.000672	0.184400	0.000475	0.001032	0.000399	0.242183
0.504662	0.000699	0.000221	0.000615	0.184473	0.000536	0.000879	0.000369	0.242104
0.504646	0.000700	0.000228	0.000683	0.184408	0.000511	0.000897	0.000383	0.242067
0.504660	0.000694	0.000294	0.000619	0.184404	0.000452	0.001014	0.000366	0.242186
0.504579	0.000790	0.000209	0.000688	0.184359	0.000497	0.000992	0.000389	0.242152
0.504585	0.000709	0.000326	0.000643	0.184414	0.000461	0.000865	0.000374	0.242115
0.504560	0.000703	0.000239	0.000614	0.184422	0.000497	0.000911	0.000382	0.242144
0.504598	0.000680	0.000265	0.000689	0.184442	0.000504	0.001041	0.000401	0.242164
0.504591	0.000692	0.000337	0.000656	0.184442	0.000465	0.000888	0.000428	0.242170
0.504591	0.000788	0.000220	0.000621	0.184427	0.000433	0.000922	0.000356	0.242121
0.504650	0.000770	0.000317	0.000665	0.184418	0.000476	0.001061	0.000394	0.242133
0.504606	0.000691	0.000240	0.000630	0.184365	0.000477	0.000873	0.000394	0.242167
0.504600	0.000671	0.000266	0.000598	0.184458	0.000584	0.000928	0.000323	0.242100
0.504569	0.000701	0.000309	0.000725	0.184438	0.000510	0.001036	0.000336	0.242132
0.504545	0.000737	0.000241	0.000628	0.184457	0.000416	0.000886	0.000398	0.242111
0.504699	0.000836	0.000240	0.000676	0.184462	0.000436	0.000949	0.000392	0.242028
0.504573	0.000672	0.000313	0.000637	0.184440	0.000448	0.001073	0.000387	0.242092
0.504599	0.000680	0.000208	0.000636	0.184503	0.000533	0.000980	0.000336	0.242098
0.504708	0.000698	0.000278	0.000570	0.184469	0.000499	0.000871	0.000425	0.241935
0.504787	0.000669	0.000256	0.000600	0.184534	0.000455	0.000982	0.000356	0.241830
0.504902	0.000790	0.000190	0.000693	0.184586	0.000411	0.000977	0.000407	0.241689
0.504930	0.000718	0.000295	0.000668	0.184617	0.000443	0.000893	0.000392	0.241561
0.505043	0.000677	0.000218	0.000617	0.184627	0.000490	0.001101	0.000392	0.241619
0.505344	0.000700	0.000244	0.000637	0.184607	0.000522	0.000907	0.000591	0.241531
0.505529	0.000721	0.000259	0.000678	0.184672	0.000466	0.000893	0.000420	0.241267
0.505612	0.000761	0.000213	0.000630	0.184760	0.000415	0.001037	0.000388	0.241253
0.505796	0.000766	0.000274	0.000690	0.184790	0.000453	0.000894	0.000419	0.241079
0.506102	0.000751	0.000258	0.000665	0.184799	0.000481	0.000825	0.000374	0.240794
0.506201	0.000749	0.000242	0.000711	0.184859	0.000535	0.001002	0.000384	0.240754
0.506253	0.000713	0.000312	0.000762	0.184931	0.000470	0.001023	0.000394	0.240711
0.506367	0.000773	0.000286	0.000626	0.184931	0.000493	0.000856	0.000415	0.240559
0.506495	0.000841	0.000306	0.000698	0.185086	0.000507	0.000977	0.000397	0.240444
0.506677	0.000660	0.000246	0.000665	0.185082	0.000421	0.000916	0.000381	0.240335
0.506762	0.000700	0.000248	0.000617	0.185108	0.000483	0.001020	0.000390	0.240286
0.507102	0.000697	0.000306	0.000676	0.185184	0.000555	0.001019	0.000354	0.240198
0.507348	0.000736	0.000197	0.000653	0.185211	0.000490	0.000765	0.000377	0.239950
0.507473	0.000838	0.000274	0.000719	0.185381	0.000446	0.000996	0.000410	0.239874
0.507499	0.000692	0.000240	0.000674	0.185447	0.000468	0.000878	0.000385	0.239822
0.507606	0.000710	0.000248	0.000648	0.185503	0.000478	0.000992	0.000414	0.239787
0.507779	0.000730	0.000304	0.000614	0.185628	0.000495	0.000877	0.000446	0.239622
0.507715	0.000761	0.000259	0.000696	0.185687	0.000464	0.000924	0.000381	0.239635
0.507725	0.000815	0.000288	0.000650	0.185783	0.000485	0.000970	0.000388	0.239758
0.507764	0.000816	0.000255	0.000710	0.185869	0.000440	0.000889	0.000421	0.239670
0.507700	0.000723	0.000218	0.000653	0.185969	0.000481	0.000796	0.000355	0.239695
0.507832	0.000750	0.000289	0.000601	0.186084	0.000536	0.001045	0.000323	0.239716
0.507803	0.000716	0.000225	0.000685	0.186238	0.000455	0.000977	0.000422	0.239731
0.507756	0.000756	0.000245	0.000573	0.186310	0.000475	0.000811	0.000383	0.239703
0.507595	0.000806	0.000273	0.000711	0.186397	0.000475	0.001010	0.000396	0.239688
0.507687	0.000744	0.000257	0.000711	0.186510	0.000535	0.001033	0.000452	0.239679
0.507798	0.000734	0.000311	0.000725	0.186641	0.000498	0.000784	0.000389	0.239549
0.507729	0.000694	0.000277	0.000781	0.186747	0.000501	0.000995	0.000340	0.239514
0.507683	0.000781	0.000282	0.000681	0.186777	0.000466	0.000968	0.000388	0.239538
0.507803	0.000837	0.000250	0.000680	0.186827	0.000480	0.000841	0.000420	0.239398
0.507950	0.000739	0.000204	0.000733	0.186813	0.000418	0.000995	0.000407	0.239394
0.508132	0.000748	0.000292	0.000653	0.186886	0.000578	0.001045	0.000419	0.239493
0.508320	0.000747	0.000244	0.000671	0.186861	0.000528	0.000959	0.000511	0.239563
0.508458	0.000680	0.000276	0.000660	0.186803	0.000499	0.000865	0.000378	0.239558
0.508561	0.000831	0.000243	0.000663	0.186804	0.000501	0.000815	0.000454	0.239531
0.508773	0.000838	0.000266	0.000725	0.186711	0.000494	0.001015	0.000409	0.239572
0.509025	0.000740	0.000302	0.000667	0.186800	0.000489	0.000773	0.000377	0.239551
0.509086	0.000801	0.000242	0.000614	0.186795	0.000526	0.000952	0.000349	0.239603
0.509120	0.000736	0.000245	0.000970	0.186812	0.000441	0.001030	0.000361	0.239648
0.509219	0.000806	0.000336	0.000645	0.186840	0.000461	0.001082	0.000417	0.239653
0.509301	0.000828	0.000272	0.000695	0.186842	0.000460	0.000988	0.000425	0.239639
0.509350	0.000683	0.000264	0.000728	0.186938	0.000461	0.000898	0.000389	0.239594
0.509400	0.000739	0.000304	0.000695	0.186921	0.000574	0.000961	0.000566	0.239671
0.509483	0.000762	0.000233	0.000814	0.186839	0.000501	0.000860	0.000420	0.239674
0.509624	0.000799	0.000288	0.000633	0.186858	0.000469	0.000911	0.000414	0.239750
0.509704	0.000903	0.000191	0.000698	0.186822	0.000476	0.000869	0.000413	0.239794
0.509674	0.000736	0.000349	0.000708	0.186863	0.000459	0.001034	0.000432	0.239870
0.509522	0.000705	0.000284	0.000701	0.186891	0.000532	0.000939	0.000443	0.239839
0.509506	0.000771	0.000228	0.000671	0.186900	0.000543	0.000925	0.000379	0.239810
0.509576	0.000737	0.000285	0.000656	0.186942	0.000489	0.000993	0.000348	0.239909
0.509527	0.000842	0.000241	0.000675	0.186958	0.000499	0.000859	0.000419	0.239939
0.509696	0.000810	0.000263	0.000701	0.186943	0.000477	0.001033	0.000427	0.239988
0.509681	0.000766	0.000300	0.000677	0.186929	0.000529	0.001012	0.000393	0.240050
0.509596	0.000787	0.000246	0.000679	0.186952	0.000553	0.000912	0.000443	0.240070
0.509683	0.000758	0.000331	0.000761	0.186976	0.000460	0.000838	0.000399	0.240043
0.509585	0.000850	0.000242	0.000674	0.186989	0.000470	0.001016	0.000403	0.240152
0.509579	0.000821	0.000288	0.000735	0.186939	0.000450	0.000953	0.000423	0.240269
0.509599	0.000749	0.000351	0.000694	0.186891	0.000491	0.000872	0.000377	0.240373
0.509602	0.000746	0.000236	0.000636	0.186953	0.000496	0.001074	0.000468	0.240403
0.509574	0.000720	0.000272	0.000842	0.186860	0.000481	0.000901	0.000543	0.240304
0.509383	0.000769	0.000276	0.000621	0.186923	0.000495	0.000955	0.000389	0.240376
0.509189	0.000838	0.000187	0.000686	0.186939	0.000498	0.000921	0.000406	0.240392
0.509137	0.000756	0.000240	0.000708	0.186908	0.000472	0.000996	0.000392	0.240430
0.509265	0.000740	0.000240	0.000654	0.186910	0.000555	0.000865	0.000385	0.240446
0.509394	0.000689	0.000266	0.000685	0.186979	0.000493	0.000962	0.000356	0.240440
0.509391	0.000763	0.000310	0.000749	0.187026	0.000462	0.000872	0.000371	0.240454
0.509428	0.000882	0.000273	0.000668	0.187032	0.000460	0.000893	0.000400	0.240388
0.509568	0.000766	0.000287	0.000726	0.187133	0.000494	0.001067	0.000411	0.240467
0.509516	0.000762	0.000193	0.000665	0.187095	0.000513	0.000842	0.000422	0.240521
0.509535	0.000728	0.000256	0.000607	0.187071	0.000563	0.001046	0.000395	0.240579
0.509606	0.000766	0.000310	0.000689	0.186983	0.000450	0.000954	0.000358	0.240691
0.509494	0.000811	0.000294	0.000638	0.186968	0.000499	0.000845	0.000406	0.240816
0.509430	0.000807	0.000273	0.000733	0.186910	0.000522	0.000959	0.000416	0.240788
0.509380	0.000737	0.000296	0.000703	0.186937	0.000564	0.000980	0.000402	0.240939
0.509355	0.000715	0.000187	0.000597	0.186909	0.000496	0.000880	0.000416	0.240909
0.509332	0.000780	0.000280	0.000824	0.186935	0.000525	0.001027	0.000364	0.240985
0.509378	0.000775	0.000270	0.000641	0.186902	0.000489	0.000813	0.000408	0.240919
0.509376	0.000897	0.000224	0.000700	0.186980	0.000473	0.000999	0.000424	0.240938
0.509322	0.000771	0.000275	0.000686	0.186949	0.000454	0.000870	0.000407	0.241017
0.509342	0.000713	0.000231	0.000666	0.186899	0.000531	0.000808	0.000361	0.240979
0.509331	0.000734	0.000331	0.000732	0.186951	0.000507	0.001110	0.000365	0.240962
0.509290	0.000741	0.000301	0.000735	0.186969	0.000460	0.000836	0.000414	0.241004
0.509180	0.000901	0.000272	0.000676	0.186937	0.000468	0.000967	0.000390	0.241001
0.509116	0.000777	0.000283	0.000706	0.186953	0.000504	0.001006	0.000421	0.241033
0.509112	0.000658	0.000278	0.000653	0.186933	0.000523	0.000861	0.000350	0.241073
0.509203	0.000780	0.000317	0.000687	0.186996	0.000508	0.000916	0.000393	0.241051
0.509310	0.000725	0.000260	0.000674	0.186957	0.000487	0.001003	0.000389	0.241093
0.509171	0.000816	0.000250	0.000676	0.186792	0.000508	0.000996	0.000425	0.241336
0.509069	0.000861	0.000317	0.000744	0.186839	0.000466	0.000941	0.000448	0.241379
0.509030	0.000726	0.000266	0.000682	0.186919	0.000513	0.000876	0.000357	0.241331
0.509058	0.000759	0.000270	0.000671	0.186874	0.000526	0.000907	0.000353	0.241313
0.509058	0.000750	0.000251	0.000753	0.186900	0.000486	0.000981	0.000363	0.241376
0.509079	0.000806	0.000199	0.000649	0.186931	0.000465	0.001033	0.000393	0.241388
0.509100	0.000886	0.000302	0.000719	0.186841	0.000493	0.001002	0.000433	0.241405
0.509125	0.000758	0.000276	0.000719	0.187008	0.000483	0.000809	0.000398	0.241351
0.509120	0.000735	0.000275	0.000621	0.186976	0.000594	0.000830	0.000378	0.241344
0.509125	0.000710	0.000272	0.000756	0.186944	0.000497	0.000915	0.000491	0.241356
0.509063	0.000743	0.000257	0.000737	0.186944	0.000461	0.000954	0.000384	0.241332
0.509094	0.000856	0.000294	0.000661	0.186972	0.000476	0.000993	0.000398	0.241394
0.509182	0.000792	0.000243	0.000717	0.187020	0.000515	0.000851	0.000381	0.241351
0.509156	0.000737	0.000280	0.000675	0.187002	0.000495	0.000979	0.000384	0.241373
0.509169	0.000708	0.000279	0.000622	0.187010	0.000543	0.000981	0.000383	0.241462
0.509108	0.000709	0.000201	0.000624	0.187068	0.000480	0.001020	0.000355	0.241339
0.509048	0.000786	0.000259	0.000666	0.187028	0.000487	0.000899	0.000457	0.241419
0.509079	0.000800	0.000314	0.000720	0.187078	0.000468	0.000878	0.000402	0.241400
0.509128	0.000775	0.000201	0.000660	0.187029	0.000539	0.000989	0.000389	0.241487
0.509098	0.000781	0.000315	0.000649	0.187116	0.000503	0.000861	0.000464	0.241474
0.509025	0.000725	0.000253	0.000748	0.187110	0.000493	0.000874	0.000411	0.241400
0.508999	0.000795	0.000319	0.000639	0.187086	0.000512	0.001004	0.000407	0.241452
0.509018	0.000841	0.000255	0.000700	0.187092	0.000482	0.000959	0.000448	0.241388
0.509064	0.000738	0.000178	0.000718	0.187104	0.000507	0.000831	0.000369	0.241369
0.509195	0.000768	0.000345	0.000676	0.187167	0.000524	0.000979	0.000452	0.241370
0.509158	0.000766	0.000238	0.000793	0.187183	0.000489	0.001049	0.000370	0.241375
0.509136	0.000781	0.000227	0.000645	0.187076	0.000432	0.000868	0.000429	0.241382
0.509038	0.000861	0.000283	0.000677	0.187141	0.000459	0.000876	0.000415	0.241351
0.508964	0.000782	0.000226	0.000730	0.187188	0.000507	0.000866	0.000399	0.241360
0.509051	0.000806	0.000312	0.000671	0.187172	0.000497	0.000984	0.000355	0.241349
0.509153	0.000767	0.000256	0.000720	0.187181	0.000507	0.001008	0.000376	0.241425
0.509196	0.000735	0.000253	0.000691	0.187186	0.000495	0.000903	0.000406	0.241388
0.509142	0.000848	0.000264	0.000646	0.187159	0.000488	0.000924	0.000415	0.241420
0.509155	0.000777	0.000250	0.000739	0.187095	0.000453	0.001005	0.000435	0.241504
0.509095	0.000728	0.000248	0.000703	0.187159	0.000513	0.000980	0.000425	0.241480
0.509085	0.000770	0.000271	0.000627	0.187081	0.000556	0.001060	0.000350	0.241442
0.509175	0.000699	0.000227	0.000648	0.187108	0.000513	0.000975	0.000372	0.241434
0.509201	0.000771	0.000328	0.000693	0.187131	0.000515	0.000996	0.000411	0.241481
0.509149	0.000856	0.000280	0.000686	0.187153	0.000480	0.000920	0.000400	0.241442
0.509132	0.000753	0.000239	0.000691	0.187121	0.000488	0.000817	0.000426	0.241430
0.509088	0.000747	0.000282	0.000620	0.187152	0.000553	0.000932	0.000352	0.241498
0.509076	0.000765	0.000256	0.000760	0.187131	0.000496	0.001084	0.000367	0.241547
0.509014	0.000757	0.000279	0.000647	0.187146	0.000421	0.000879	0.000408	0.241535
0.508914	0.000852	0.000286	0.000693	0.187099	0.000494	0.000934	0.000412	0.241477
0.509008	0.000777	0.000248	0.000738	0.187103	0.000541	0.001008	0.000420	0.241625
0.508943	0.000733	0.000292	0.000702	0.187129	0.000557	0.000861	0.000383	0.241646
0.508937	0.000705	0.000234	0.000655	0.187183	0.000511	0.001002	0.000373	0.241696
0.508957	0.000753	0.000241	0.000613	0.187117	0.000437	0.000963	0.000381	0.241580
0.508910	0.000811	0.000325	0.000668	0.187151	0.000460	0.000898	0.000420	0.241603
0.508924	0.000834	0.000222	0.000724	0.187189	0.000514	0.000930	0.000379	0.241579
0.508794	0.000734	0.000294	0.000693	0.187152	0.000506	0.001005	0.000405	0.241742
0.508791	0.000804	0.000263	0.000771	0.187119	0.000487	0.000885	0.000529	0.241665
0.508763	0.000717	0.000268	0.000802	0.187146	0.000481	0.001061	0.000404	0.241691
0.508795	0.000760	0.000343	0.000627	0.187165	0.000451	0.000936	0.000424	0.241688
0.508796	0.000866	0.000226	0.000689	0.187213	0.000485	0.000917	0.000407	0.241663
0.508797	0.000751	0.000193	0.000704	0.187168	0.000525	0.000927	0.000373	0.241674
0.508808	0.000725	0.000311	0.000623	0.187160	0.000532	0.000994	0.000322	0.241708
0.508774	0.000752	0.000211	0.000746	0.187189	0.000449	0.001031	0.000374	0.241649
0.508797	0.000798	0.000279	0.000693	0.187180	0.000476	0.000930	0.000419	0.241705
0.508736	0.000870	0.000280	0.000723	0.187254	0.000478	0.000886	0.000435	0.241642
0.508743	0.000788	0.000245	0.000757	0.187246	0.000492	0.001015	0.000404	0.241611
0.508803	0.000735	0.000317	0.000638	0.187246	0.000516	0.001004	0.000570	0.241678
0.508821	0.000713	0.000195	0.000657	0.187283	0.000440	0.000890	0.000437	0.241619
0.508810	0.000746	0.000287	0.000826	0.187267	0.000445	0.001017	0.000370	0.241601
0.508850	0.000862	0.000315	0.000655	0.187251	0.000520	0.001025	0.000384	0.241631
0.508805	0.000784	0.000297	0.000660	0.187186	0.000428	0.001108	0.000358	0.241780
0.508679	0.000749	0.000306	0.000714	0.187090	0.000571	0.001084	0.000456	0.241852
0.508704	0.000755	0.000224	0.000683	0.187036	0.000559	0.000912	0.000603	0.241887
0.508799	0.000766	0.000244	0.000894	0.187088	0.000455	0.000894	0.000403	0.241838
0.508743	0.000802	0.000290	0.000629	0.187021	0.000491	0.001020	0.000407	0.241935
0.508706	0.000803	0.000215	0.000679	0.187060	0.000450	0.000887	0.000404	0.241886
0.508789	0.000708	0.000309	0.000697	0.187010	0.000527	0.000984	0.000356	0.241886
0.508817	0.000753	0.000297	0.000661	0.187068	0.000523	0.001014	0.000363	0.241929
0.508761	0.000712	0.000253	0.000800	0.187096	0.000445	0.001027	0.000402	0.241900
0.508828	0.000749	0.000282	0.000663	0.187131	0.000474	0.000872	0.000421	0.241848
0.508743	0.000849	0.000221	0.000707	0.187139	0.000482	0.000844	0.000430	0.241748
0.508648	0.000748	0.000303	0.000744	0.187160	0.000503	0.000953	0.000347	0.241783
0.508646	0.000753	0.000264	0.000686	0.187133	0.000593	0.001066	0.000450	0.241856
0.508619	0.000756	0.000255	0.000708	0.187125	0.000459	0.000929	0.000403	0.241835
0.508586	0.000721	0.000280	0.000743	0.187091	0.000465	0.000830	0.000468	0.241782
0.508645	0.000830	0.000236	0.000649	0.187086	0.000480	0.000984	0.000418	0.241847
0.508586	0.000777	0.000289	0.000732	0.187056	0.000500	0.001028	0.000363	0.241855
0.508555	0.000747	0.000330	0.000645	0.187043	0.000522	0.001063	0.000375	0.241908
0.508467	0.000739	0.000171	0.000648	0.187037	0.000464	0.000952	0.000387	0.241967
0.508421	0.000695	0.000335	0.000584	0.187067	0.000459	0.000845	0.000427	0.241944
0.508336	0.000822	0.000207	0.000648	0.187091	0.000464	0.000966	0.000403	0.241989
0.508314	0.000859	0.000230	0.000684	0.187109	0.000466	0.001004	0.000423	0.241890
0.508272	0.000709	0.000303	0.000647	0.187094	0.000530	0.000847	0.000339	0.241853
0.508311	0.000732	0.000211	0.000676	0.187130	0.000525	0.001025	0.000400	0.241904
0.508164	0.000722	0.000277	0.000846	0.187206	0.000519	0.000869	0.000440	0.241845
0.508122	0.000783	0.000212	0.000601	0.187167	0.000455	0.001029	0.000413	0.241906
0.508207	0.000814	0.000257	0.000684	0.187138	0.000504	0.000944	0.000419	0.241800
0.508183	0.000705	0.000344	0.000735	0.187108	0.000537	0.001033	0.000404	0.241948
0.508226	0.000731	0.000228	0.000605	0.187027	0.000579	0.000854	0.000459	0.241921
0.508183	0.000758	0.000264	0.000718	0.187022	0.000488	0.000993	0.000370	0.241884
0.508065	0.000737	0.000322	0.000659	0.187044	0.000450	0.000900	0.000422	0.241977
0.508120	0.000845	0.000236	0.000656	0.187086	0.000444	0.000976	0.000424	0.241910
0.508130	0.000736	0.000295	0.000694	0.187008	0.000488	0.001078	0.000393	0.241917
0.508111	0.000753	0.000260	0.000630	0.187102	0.000546	0.000965	0.000483	0.242008
0.508202	0.000747	0.000248	0.000658	0.187024	0.000460	0.000929	0.000395	0.241889
0.508104	0.000730	0.000310	0.000639	0.187054	0.000526	0.001003	0.000392	0.242015
0.508247	0.000799	0.000230	0.000640	0.187126	0.000455	0.000899	0.000415	0.241945
0.508091	0.000820	0.000268	0.000690	0.187113	0.000462	0.000992	0.000400	0.241962
0.508113	0.000760	0.000246	0.000688	0.187048	0.000549	0.000937	0.000497	0.241884
0.508158	0.000701	0.000230	0.000662	0.187086	0.000573	0.000963	0.000402	0.241946
0.508131	0.000772	0.000293	0.000782	0.187031	0.000446	0.000862	0.000419	0.241837
0.508136	0.000761	0.000252	0.000649	0.187060	0.000465	0.001003	0.000396	0.241873
0.508229	0.000851	0.000298	0.000725	0.187110	0.000485	0.001005	0.000408	0.241931
0.508206	0.000736	0.000255	0.000669	0.187003	0.000517	0.000858	0.000355	0.241926
0.508245	0.000729	0.000238	0.000610	0.186974	0.000526	0.000855	0.000342	0.241928
0.508136	0.000714	0.000297	0.000906	0.187000	0.000466	0.000987	0.000384	0.242032
0.508015	0.000730	0.000224	0.000657	0.186946	0.000485	0.001008	0.000395	0.242095
0.508123	0.000781	0.000264	0.000633	0.186949	0.000511	0.000916	0.000427	0.242041
0.508119	0.000792	0.000274	0.000697	0.186976	0.000472	0.000942	0.000384	0.242044
0.508131	0.000739	0.000241	0.000682	0.187027	0.000554	0.001053	0.000371	0.242014
0.508194	0.000697	0.000279	0.000663	0.186967	0.000489	0.000984	0.000426	0.241981
0.508144	0.000706	0.000253	0.000683	0.187049	0.000495	0.000769	0.000429	0.241931
0.508243	0.000773	0.000300	0.000648	0.186986	0.000478	0.001013	0.000378	0.241937
0.508125	0.000807	0.000247	0.000680	0.186969	0.000495	0.001036	0.000455	0.242036
0.508215	0.000756	0.000252	0.000692	0.187037	0.000568	0.000981	0.000473	0.242058
0.508243	0.000756	0.000319	0.000618	0.186986	0.000540	0.000925	0.000452	0.241945
0.508191	0.000724	0.000227	0.001096	0.186953	0.000508	0.000970	0.000404	0.241997
0.508191	0.000726	0.000278	0.000640	0.187064	0.000521	0.000980	0.000435	0.241918
0.508198	0.000859	0.000275	0.000669	0.187036	0.000520	0.000961	0.000384	0.241889
0.508234	0.000750	0.000206	0.000721	0.187106	0.000515	0.001003	0.000404	0.241885
0.508322	0.000725	0.000317	0.000606	0.187069	0.000528	0.000872	0.000471	0.241781
0.508334	0.000696	0.000207	0.000741	0.187103	0.000525	0.000852	0.000396	0.241690
0.508368	0.000768	0.000270	0.000589	0.187151	0.000488	0.000846	0.000426	0.241646
0.508330	0.000821	0.000242	0.000681	0.187193	0.000488	0.000958	0.000409	0.241686
0.508318	0.000726	0.000300	0.000714	0.187236	0.000548	0.001044	0.000402	0.241703
0.508328	0.000683	0.000289	0.000677	0.187181	0.000546	0.001035	0.000332	0.241694
0.508389	0.000723	0.000195	0.000661	0.187173	0.000497	0.000884	0.000440	0.241638
0.508457	0.000739	0.000297	0.000639	0.187119	0.000412	0.000877	0.000435	0.241687
0.508308	0.000787	0.000304	0.000715	0.187102	0.000479	0.001051	0.000447	0.241765
0.508288	0.000794	0.000231	0.000677	0.187127	0.000457	0.001057	0.000394	0.241802
0.508373	0.000745	0.000303	0.000713	0.187123	0.000534	0.000927	0.000466	0.241780
0.508354	0.000718	0.000196	0.000656	0.187122	0.000458	0.000904	0.000482	0.241761
0.508368	0.000704	0.000304	0.000616	0.187143	0.000489	0.000907	0.000403	0.241806
0.508418	0.000762	0.000266	0.000625	0.187154	0.000456	0.000886	0.000434	0.241772
0.508316	0.000844	0.000262	0.000687	0.187162	0.000485	0.000924	0.000430	0.241768
0.508377	0.000755	0.000278	0.000671	0.187140	0.000580	0.000859	0.000396	0.241717
0.508340	0.000709	0.000263	0.000631	0.187191	0.000550	0.000895	0.000512	0.241749
0.508442	0.000768	0.000288	0.000687	0.187139	0.000464	0.000857	0.000402	0.241713
0.508361	0.000724	0.000209	0.000693	0.187138	0.000471	0.000789	0.000393	0.241720
0.508346	0.000914	0.000257	0.000680	0.187119	0.000468	0.000953	0.000399	0.241763
0.508374	0.000752	0.000283	0.000698	0.187211	0.000509	0.000900	0.000356	0.241768
0.508407	0.000707	0.000232	0.000643	0.187170	0.000514	0.000960	0.000335	0.241693
0.508470	0.000735	0.000305	0.000754	0.187159	0.000547	0.000974	0.000358	0.241715
0.508466	0.000758	0.000206	0.000760	0.187162	0.000478	0.000994	0.000387	0.241809
0.508382	0.000805	0.000250	0.000659	0.187173	0.000448	0.001009	0.000458	0.241800
0.508337	0.000828	0.000237	0.000715	0.187136	0.000536	0.001044	0.000444	0.241889
0.508343	0.000715	0.000210	0.000708	0.187171	0.000574	0.001037	0.000474	0.241798
0.508312	0.000700	0.000260	0.000649	0.187183	0.000473	0.001039	0.000362	0.241835
0.508343	0.000702	0.000286	0.000766	0.187177	0.000465	0.000980	0.000401	0.241899
0.508326	0.000761	0.000304	0.000630	0.187156	0.000496	0.000842	0.000424	0.241791
0.508251	0.000870	0.000216	0.000706	0.187136	0.000501	0.000892	0.000407	0.241773
0.508252	0.000742	0.000311	0.000701	0.187087	0.000501	0.000956	0.000349	0.241812
0.508183	0.000755	0.000298	0.000627	0.187089	0.000563	0.001036	0.000352	0.241931
0.508173	0.000729	0.000264	0.000852	0.187130	0.000459	0.000929	0.000358	0.241959
0.508233	0.000720	0.000358	0.000698	0.187127	0.000505	0.000922	0.000408	0.241791
0.508217	0.000823	0.000218	0.000684	0.187111	0.000444	0.001026	0.000412	0.241873
0.508144	0.000782	0.000293	0.000705	0.187143	0.000511	0.000912	0.000354	0.241808
0.508112	0.000737	0.000261	0.000689	0.187152	0.000504	0.001093	0.000406	0.241876
0.508120	0.000731	0.000212	0.000669	0.187229	0.000478	0.001010	0.000369	0.241842
0.508113	0.000759	0.000281	0.000703	0.187225	0.000452	0.000797	0.000445	0.241741
0.508193	0.000817	0.000199	0.000635	0.187173	0.000461	0.000830	0.000415	0.241839
0.508108	0.000819	0.000223	0.000711	0.187149	0.000520	0.000864	0.000400	0.241869
0.508043	0.000742	0.000263	0.000657	0.187177	0.000547	0.000861	0.000333	0.241902
0.508085	0.000728	0.000230	0.000597	0.187192	0.000479	0.000966	0.000429	0.241855
0.508145	0.000786	0.000267	0.001189	0.187192	0.000495	0.001046	0.000403	0.241855
0.508213	0.000784	0.000261	0.000611	0.187129	0.000457	0.001030	0.000430	0.241892
0.508230	0.000818	0.000284	0.000700	0.187207	0.000455	0.000951	0.000405	0.241916
0.508137	0.000760	0.000287	0.000702	0.187143	0.000526	0.000836	0.000371	0.241857
0.508186	0.000748	0.000223	0.000655	0.187179	0.000498	0.000979	0.000347	0.241879
0.508110	0.000793	0.000310	0.000641	0.187168	0.000511	0.001066	0.000393	0.241937
0.508033	0.000717	0.000243	0.000611	0.187161	0.000504	0.001045	0.000418	0.241970
0.507949	0.000819	0.000254	0.000687	0.187113	0.000451	0.001046	0.000437	0.241984
0.507936	0.000756	0.000304	0.000682	0.187155	0.000515	0.000990	0.000439	0.241949
0.508014	0.000722	0.000288	0.000689	0.187101	0.000502	0.001003	0.000387	0.241971
0.508031	0.000752	0.000267	0.000667	0.187130	0.000499	0.001010	0.000365	0.241987
0.508152	0.000710	0.000241	0.000633	0.187198	0.000402	0.000835	0.000400	0.241955
0.508192	0.000809	0.000224	0.000663	0.187194	0.000450	0.000869	0.000409	0.241890
0.508107	0.000837	0.000307	0.000693	0.187109	0.000489	0.000843	0.000367	0.241832
0.508191	0.000791	0.000247	0.000680	0.187153	0.000526	0.001040	0.000301	0.241927
0.508153	0.000767	0.000232	0.000691	0.187126	0.000485	0.000939	0.000409	0.241802
0.508199	0.000730	0.000263	0.000800	0.187130	0.000444	0.000985	0.000401	0.241880
0.508203	0.000791	0.000244	0.000615	0.187170	0.000501	0.000934	0.000406	0.241823
0.508183	0.000858	0.000301	0.000695	0.187193	0.000452	0.001052	0.000442	0.241861
0.508158	0.000722	0.000218	0.000692	0.187145	0.000517	0.000885	0.000356	0.241838
0.508120	0.000765	0.000256	0.000672	0.187169	0.000497	0.000927	0.000521	0.241804
0.508176	0.000750	0.000245	0.000845	0.187213	0.000438	0.001078	0.000408	0.241835
0.508238	0.000755	0.000274	0.000662	0.187190	0.000456	0.000800	0.000402	0.241774
0.508141	0.000826	0.000293	0.000661	0.187223	0.000457	0.001034	0.000428	0.241848
0.508175	0.000810	0.000245	0.000682	0.187209	0.000566	0.000904	0.000393	0.241826
0.508102	0.000752	0.000282	0.000668	0.187190	0.000534	0.000946	0.000514	0.241940
0.508147	0.000768	0.000261	0.000708	0.187211	0.000522	0.001084	0.000369	0.241927
0.508262	0.000733	0.000252	0.000859	0.187218	0.000520	0.000960	0.000421	0.241901
0.508365	0.000835	0.000334	0.000670	0.187233	0.000441	0.000913	0.000410	0.241843
0.508440	0.000822	0.000218	0.000724	0.187181	0.000500	0.000862	0.000381	0.241806
0.508356	0.000709	0.000297	0.000692	0.187233	0.000570	0.000937	0.000578	0.241836
0.508470	0.000717	0.000261	0.000584	0.187199	0.000483	0.001057	0.000355	0.241810
0.508363	0.000699	0.000232	0.000853	0.187230	0.000504	0.000840	0.000394	0.241789
0.508382	0.000740	0.000289	0.000649	0.187295	0.000482	0.001067	0.000422	0.241822
0.508366	0.000854	0.000202	0.000643	0.187261	0.000502	0.000914	0.000378	0.241723
0.508323	0.000760	0.000296	0.000686	0.187267	0.000530	0.001056	0.000432	0.241747
0.508433	0.000726	0.000283	0.000645	0.187315	0.000474	0.000862	0.000475	0.241776
0.508514	0.000746	0.000213	0.000972	0.187140	0.000457	0.001065	0.000389	0.241900
0.508386	0.000723	0.000271	0.000665	0.187169	0.000515	0.000858	0.000432	0.241848
0.508184	0.000856	0.000218	0.000673	0.187122	0.000486	0.001000	0.000443	0.241873
0.508147	0.000749	0.000245	0.000708	0.187096	0.000513	0.001007	0.000343	0.241903
0.508187	0.000758	0.000267	0.000649	0.187173	0.000522	0.000863	0.000487	0.241879
0.508098	0.000747	0.000213	0.000702	0.187159	0.000477	0.001046	0.000394	0.241862
0.508015	0.000697	0.000252	0.000715	0.187120	0.000457	0.000842	0.000427	0.241876
0.507944	0.000831	0.000252	0.000652	0.187175	0.000458	0.001013	0.000386	0.241964
0.507926	0.000824	0.000236	0.000699	0.187196	0.000525	0.000933	0.000360	0.241827
0.507884	0.000716	0.000334	0.000693	0.187243	0.000506	0.000897	0.000564	0.241895
0.507991	0.000803	0.000246	0.000691	0.187238	0.000470	0.000963	0.000379	0.241827
0.508002	0.000779	0.000305	0.000729	0.187223	0.000491	0.001020	0.000418	0.241910
0.508046	0.000782	0.000300	0.000628	0.187280	0.000460	0.000939	0.000401	0.241742
0.507962	0.000863	0.000247	0.000703	0.187222	0.000473	0.000877	0.000377	0.241779
0.507967	0.000757	0.000266	0.000698	0.187237	0.000552	0.001014	0.000387	0.241833
0.507973	0.000786	0.000246	0.000660	0.187278	0.000463	0.000991	0.000363	0.241829
0.508073	0.000724	0.000262	0.000798	0.187310	0.000456	0.000961	0.000394	0.241808
0.508023	0.000741	0.000272	0.000633	0.187254	0.000456	0.000915	0.000443	0.241793
0.507943	0.000825	0.000203	0.000678	0.187318	0.000522	0.000868	0.000393	0.241790
0.507956	0.000763	0.000329	0.000718	0.187336	0.000543	0.001039	0.000404	0.241757
0.507978	0.000753	0.000222	0.000670	0.187286	0.000485	0.000885	0.000442	0.241747
0.507967	0.000771	0.000243	0.000680	0.187297	0.000461	0.000962	0.000390	0.241812
0.507890	0.000764	0.000239	0.000639	0.187329	0.000463	0.000818	0.000408	0.241700
0.507907	0.000856	0.000243	0.000654	0.187335	0.000510	0.001064	0.000403	0.241743
0.507926	0.000792	0.000367	0.000718	0.187342	0.000502	0.000892	0.000376	0.241816
