#header text header text texty text text
0.500595	0.000647	0.000323	0.000611	0.186737	0.000454	0.001016	0.000346	0.244499
0.500549	0.000871	0.000217	0.000639	0.186761	0.000469	0.000906	0.000421	0.244472
0.500550	0.000725	0.000214	0.000704	0.186797	0.000474	0.000967	0.000401	0.244498
0.500593	0.000709	0.000298	0.000617	0.186757	0.000525	0.001021	0.000376	0.244525
0.500636	0.000685	0.000215	0.000685	0.186701	0.000534	0.000951	0.000341	0.244495
0.500581	0.000695	0.000252	0.000621	0.186787	0.000438	0.000940	0.000417	0.244514
0.500614	0.000740	0.000298	0.000585	0.186695	0.000441	0.000896	0.000408	0.244520
0.500697	0.000793	0.000205	0.000670	0.186761	0.000448	0.000926	0.000399	0.244549
0.500688	0.000668	0.000284	0.000643	0.186779	0.000524	0.000925	0.000418	0.244502
0.500594	0.000690	0.000271	0.000619	0.186776	0.000564	0.000967	0.000411	0.244527
0.500620	0.000701	0.000215	0.000728	0.186814	0.000451	0.000925	0.000316	0.244487
0.500610	0.000711	0.000337	0.000667	0.186791	0.000440	0.000933	0.000419	0.244509
0.500640	0.000802	0.000165	0.000677	0.186740	0.000485	0.000951	0.000387	0.244507
0.500614	0.000673	0.000272	0.000669	0.186791	0.000439	0.000934	0.000410	0.244517
0.500539	0.000717	0.000337	0.000610	0.186777	0.000553	0.000938	0.000480	0.244530
0.500536	0.000669	0.000224	0.000696	0.186776	0.000501	0.000976	0.000424	0.244560
0.500560	0.000648	0.000294	0.000658	0.186783	0.000422	0.000965	0.000341	0.244544
0.500519	0.000797	0.000253	0.000659	0.186747	0.000401	0.000976	0.000382	0.244560
0.500579	0.000705	0.000232	0.000657	0.186832	0.000467	0.001008	0.000411	0.244529
0.500496	0.000704	0.000314	0.000613	0.186799	0.000546	0.000950	0.000386	0.244470
0.500541	0.000698	0.000186	0.000687	0.186768	0.000507	0.000950	0.000470	0.244486
0.500529	0.000700	0.000277	0.000712	0.186829	0.000434	0.000917	0.000362	0.244496
0.500516	0.000760	0.000267	0.000634	0.186809	0.000454	0.000920	0.000428	0.244481
0.500455	0.000754	0.000242	0.000674	0.186806	0.000508	0.000942	0.000409	0.244530
0.500437	0.000656	0.000234	0.000677	0.186777	0.000481	0.000849	0.000357	0.244484
0.500514	0.000692	0.000225	0.000583	0.186795	0.000550	0.000897	0.000379	0.244513
0.500547	0.000671	0.000294	0.000651	0.186813	0.000450	0.001011	0.000477	0.244512
0.500529	0.000734	0.000283	0.000609	0.186771	0.000465	0.000911	0.000387	0.244499
0.500536	0.000831	0.000294	0.000674	0.186777	0.000401	0.000964	0.000424	0.244506
0.500497	0.000670	0.000245	0.000672	0.186811	0.000472	0.001009	0.000410	0.244554
0.500532	0.000684	0.000249	0.000594	0.186812	0.000524	0.000948	0.000354	0.244463
0.500579	0.000713	0.000223	0.000666	0.186853	0.000531	0.000896	0.000455	0.244479
0.500549	0.000733	0.000301	0.000577	0.186836	0.000452	0.000912	0.000433	0.244482
0.500631	0.000849	0.000261	0.000645	0.186831	0.000439	0.000916	0.000379	0.244492
0.500672	0.000739	0.000311	0.000665	0.186834	0.000483	0.000975	0.000459	0.244543
0.500554	0.000691	0.000281	0.000639	0.186821	0.000465	0.000943	0.000348	0.244484
0.500470	0.000713	0.000233	0.000680	0.186851	0.000516	0.000950	0.000508	0.244527
0.500499	0.000658	0.000317	0.000640	0.186834	0.000474	0.000956	0.000386	0.244435
0.500491	0.000708	0.000238	0.000637	0.186866	0.000448	0.000899	0.000429	0.244535
0.500472	0.000731	0.000291	0.000687	0.186860	0.000460	0.000945	0.000416	0.244496
0.500574	0.000660	0.000301	0.000640	0.186849	0.000451	0.000957	0.000423	0.244515
0.500549	0.000700	0.000186	0.000639	0.186880	0.000535	0.000953	0.000396	0.244536
0.500539	0.000709	0.000291	0.000661	0.186805	0.000538	0.000981	0.000337	0.244483
0.500529	0.000723	0.000224	0.000635	0.186853	0.000441	0.000963	0.000382	0.244490
0.500555	0.000780	0.000293	0.000662	0.186887	0.000467	0.000979	0.000437	0.244480
0.500491	0.000696	0.000264	0.000665	0.186841	0.000448	0.000940	0.000386	0.244470
0.500540	0.000676	0.000242	0.000639	0.186919	0.000504	0.000913	0.000400	0.244504
0.500520	0.000674	0.000293	0.000682	0.186863	0.000473	0.001012	0.000301	0.244501
0.500484	0.000717	0.000281	0.000623	0.186800	0.000424	0.000900	0.000343	0.244490
0.500485	0.000803	0.000240	0.000627	0.186893	0.000508	0.000931	0.000387	0.244533
0.500459	0.000700	0.000313	0.000650	0.186858	0.000446	0.000948	0.000361	0.244503
0.500489	0.000621	0.000218	0.000640	0.186834	0.000511	0.000848	0.000358	0.244513
0.500653	0.000668	0.000256	0.000649	0.186902	0.000497	0.000897	0.000546	0.244329
0.500646	0.000667	0.000242	0.000738	0.186966	0.000472	0.000907	0.000476	0.244176
0.500646	0.000801	0.000208	0.000637	0.186979	0.000496	0.000930	0.000444	0.244202
0.500636	0.000743	0.000276	0.000692	0.187061	0.000484	0.000953	0.000405	0.244144
0.500567	0.000674	0.000229	0.000635	0.187129	0.000472	0.000890	0.000365	0.243990
0.500653	0.000729	0.000264	0.000595	0.187188	0.000542	0.000916	0.000334	0.243921
0.500880	0.000643	0.000308	0.000723	0.187138	0.000453	0.000867	0.000487	0.243882
0.501058	0.000705	0.000207	0.000689	0.187205	0.000452	0.000870	0.000408	0.243772
0.501274	0.000807	0.000305	0.000676	0.187353	0.000455	0.000915	0.000386	0.243465
0.501632	0.000715	0.000299	0.000668	0.187410	0.000447	0.000882	0.000373	0.243194
0.501915	0.000701	0.000215	0.000624	0.187519	0.000517	0.000862	0.000385	0.242756
0.502236	0.000716	0.000306	0.000741	0.187708	0.000484	0.000916	0.000390	0.242601
0.502681	0.000696	0.000256	0.000635	0.188012	0.000429	0.000957	0.000400	0.242228
0.502981	0.000855	0.000295	0.000697	0.188314	0.000451	0.000945	0.000389	0.242031
0.503240	0.000775	0.000225	0.000683	0.188531	0.000485	0.000937	0.000451	0.241801
0.503594	0.000693	0.000177	0.000643	0.188752	0.000500	0.000960	0.000434	0.241600
0.503804	0.000749	0.000284	0.000718	0.189095	0.000473	0.000933	0.000365	0.241172
0.503812	0.000760	0.000239	0.000640	0.189351	0.000492	0.000874	0.000434	0.240984
0.503710	0.000857	0.000241	0.000684	0.189533	0.000451	0.000917	0.000437	0.240889
0.503721	0.000786	0.000276	0.000706	0.189736	0.000453	0.000909	0.000407	0.240843
0.503685	0.000741	0.000227	0.000666	0.189849	0.000497	0.000879	0.000473	0.240841
0.503623	0.000733	0.000267	0.000696	0.190086	0.000497	0.000907	0.000559	0.240991
0.503627	0.000719	0.000224	0.000691	0.190216	0.000512	0.000915	0.000405	0.241113
0.503623	0.000769	0.000237	0.000695	0.190382	0.000455	0.000883	0.000425	0.240983
0.503638	0.000843	0.000253	0.000676	0.190220	0.000474	0.000914	0.000417	0.241074
0.503799	0.000747	0.000206	0.000674	0.190342	0.000483	0.000964	0.000480	0.240917
0.503927	0.000783	0.000227	0.000651	0.190400	0.000588	0.000933	0.000403	0.241118
0.503948	0.000761	0.000238	0.001071	0.190404	0.000507	0.000917	0.000501	0.241134
0.504014	0.000777	0.000236	0.000611	0.190400	0.000480	0.000890	0.000407	0.241178
0.504190	0.000904	0.000204	0.000709	0.190294	0.000487	0.000940	0.000432	0.241213
0.504401	0.000759	0.000303	0.000717	0.190463	0.000513	0.000873	0.000371	0.240993
0.504381	0.000735	0.000243	0.000661	0.190601	0.000559	0.000874	0.000446	0.240949
0.504540	0.000762	0.000285	0.000828	0.190763	0.000499	0.000992	0.000355	0.240776
0.504532	0.000720	0.000275	0.000658	0.190738	0.000478	0.000904	0.000440	0.240693
0.504604	0.000875	0.000186	0.000647	0.190953	0.000532	0.000830	0.000441	0.240575
0.504704	0.000782	0.000304	0.000685	0.191122	0.000469	0.000956	0.000425	0.240316
0.504758	0.000779	0.000225	0.000684	0.191187	0.000553	0.000908	0.000380	0.240318
0.504818	0.000803	0.000236	0.000669	0.191276	0.000543	0.000920	0.000519	0.240292
0.505084	0.000723	0.000246	0.000730	0.191378	0.000477	0.000865	0.000407	0.240211
0.505165	0.000824	0.000194	0.000669	0.191669	0.000478	0.000869	0.000455	0.239993
0.505222	0.000786	0.000236	0.000740	0.191770	0.000513	0.000889	0.000453	0.240002
0.505381	0.000711	0.000273	0.000676	0.191935	0.000545	0.000924	0.000351	0.239923
0.505605	0.000793	0.000211	0.000680	0.192108	0.000551	0.000868	0.000360	0.239797
0.505819	0.000710	0.000287	0.000941	0.192160	0.000559	0.000892	0.000411	0.239872
0.505871	0.000764	0.000230	0.000658	0.192285	0.000458	0.000895	0.000404	0.239966
0.506030	0.000895	0.000275	0.000709	0.192392	0.000473	0.000859	0.000470	0.239936
0.506171	0.000832	0.000245	0.000720	0.192517	0.000532	0.000931	0.000485	0.239892
0.506179	0.000759	0.000221	0.000677	0.192617	0.000525	0.000901	0.000492	0.239921
0.506237	0.000757	0.000277	0.000834	0.192601	0.000569	0.000932	0.000341	0.240065
0.506327	0.000804	0.000304	0.000674	0.192599	0.000492	0.000900	0.000375	0.240156
0.506167	0.000876	0.000207	0.000700	0.192590	0.000464	0.000881	0.000449	0.240180
0.506150	0.000800	0.000294	0.000704	0.192626	0.000513	0.000916	0.000479	0.240264
0.506353	0.000739	0.000177	0.000691	0.192547	0.000534	0.000941	0.000444	0.240355
0.506355	0.000803	0.000253	0.000691	0.192535	0.000562	0.000906	0.000749	0.240338
0.506240	0.000768	0.000245	0.000783	0.192581	0.000446	0.000905	0.000421	0.240494
0.506231	0.000851	0.000254	0.000655	0.192621	0.000544	0.000967	0.000451	0.240529
0.506393	0.000775	0.000328	0.000710	0.192615	0.000502	0.001004	0.000420	0.240540
0.506367	0.000738	0.000265	0.000690	0.192581	0.000515	0.000960	0.000414	0.240605
0.506466	0.000782	0.000315	0.000672	0.192737	0.000551	0.000972	0.000419	0.240674
0.506360	0.000771	0.000189	0.000879	0.192703	0.000523	0.000996	0.000388	0.240659
0.506362	0.000817	0.000235	0.000608	0.192762	0.000461	0.000924	0.000396	0.240677
0.506409	0.000853	0.000273	0.000725	0.192704	0.000505	0.000888	0.000480	0.240733
0.506274	0.000754	0.000245	0.000731	0.192725	0.000528	0.000928	0.000417	0.240836
0.506154	0.000760	0.000223	0.000685	0.192700	0.000548	0.000932	0.000359	0.240907
0.506213	0.000817	0.000271	0.000855	0.192728	0.000493	0.000962	0.000338	0.240985
0.506258	0.000778	0.000274	0.000640	0.192788	0.000505	0.000933	0.000403	0.240974
0.506300	0.000888	0.000265	0.000656	0.192780	0.000528	0.000978	0.000452	0.241011
0.506329	0.000808	0.000256	0.000748	0.192854	0.000499	0.000989	0.000442	0.241010
0.506277	0.000747	0.000229	0.000690	0.192910	0.000513	0.000927	0.000476	0.241038
0.506391	0.000753	0.000209	0.000646	0.192977	0.000575	0.000899	0.000545	0.241072
0.506569	0.000773	0.000183	0.000802	0.193001	0.000493	0.000899	0.000397	0.241064
0.506731	0.000830	0.000300	0.000645	0.193157	0.000491	0.000928	0.000446	0.241003
0.506599	0.000815	0.000257	0.000734	0.193204	0.000549	0.000968	0.000436	0.241026
0.506573	0.000786	0.000276	0.000712	0.193243	0.000550	0.000903	0.000409	0.241056
0.506710	0.000831	0.000274	0.000624	0.193333	0.000606	0.000912	0.000332	0.240963
0.506817	0.000802	0.000230	0.001052	0.193353	0.000484	0.000908	0.000392	0.240994
0.506761	0.000845	0.000237	0.000684	0.193456	0.000500	0.000857	0.000444	0.241022
0.506727	0.000862	0.000279	0.000721	0.193463	0.000507	0.000903	0.000452	0.241082
0.506747	0.000735	0.000216	0.000730	0.193470	0.000547	0.000913	0.000358	0.241152
0.506866	0.000783	0.000241	0.000642	0.193500	0.000542	0.000924	0.000367	0.241169
0.506931	0.000783	0.000209	0.000868	0.193464	0.000550	0.000912	0.000345	0.241231
0.506860	0.000763	0.000232	0.000606	0.193442	0.000546	0.000938	0.000403	0.241339
0.506974	0.000900	0.000252	0.000720	0.193462	0.000543	0.000900	0.000461	0.241411
0.506972	0.000818	0.000186	0.000745	0.193435	0.000464	0.000892	0.000439	0.241461
0.506999	0.000765	0.000266	0.000701	0.193369	0.000535	0.000899	0.000422	0.241573
0.507005	0.000746	0.000241	0.000753	0.193333	0.000504	0.000940	0.000511	0.241628
0.507056	0.000733	0.000226	0.000744	0.193339	0.000506	0.000870	0.000456	0.241696
0.506999	0.000853	0.000272	0.000658	0.193379	0.000478	0.000929	0.000435	0.241780
0.506983	0.000854	0.000218	0.000729	0.193308	0.000454	0.000938	0.000404	0.241740
0.507031	0.000756	0.000297	0.000720	0.193323	0.000547	0.000904	0.000354	0.241725
0.507096	0.000752	0.000240	0.000652	0.193257	0.000520	0.000887	0.000433	0.241847
0.507072	0.000814	0.000230	0.000797	0.193233	0.000563	0.000931	0.000466	0.241951
0.506963	0.000803	0.000308	0.000647	0.193191	0.000479	0.000859	0.000466	0.241995
0.506954	0.000913	0.000228	0.000719	0.193239	0.000481	0.000910	0.000419	0.242115
0.506969	0.000741	0.000287	0.000722	0.193267	0.000540	0.000902	0.000360	0.242139
0.506904	0.000737	0.000254	0.000645	0.193243	0.000578	0.000916	0.000590	0.242212
0.506853	0.000768	0.000195	0.000796	0.193288	0.000533	0.000920	0.000490	0.242262
0.506889	0.000815	0.000296	0.000678	0.193317	0.000451	0.000909	0.000461	0.242211
0.506754	0.000891	0.000278	0.000690	0.193413	0.000446	0.000939	0.000439	0.242278
0.506700	0.000846	0.000231	0.000728	0.193430	0.000553	0.000919	0.000372	0.242377
0.506746	0.000785	0.000289	0.000669	0.193431	0.000561	0.000903	0.000379	0.242395
0.506743	0.000805	0.000243	0.000637	0.193408	0.000498	0.000894	0.000568	0.242366
0.506700	0.000706	0.000283	0.000690	0.193458	0.000503	0.000938	0.000404	0.242424
0.506697	0.000862	0.000265	0.000673	0.193431	0.000504	0.000967	0.000446	0.242464
0.506688	0.000819	0.000240	0.000718	0.193506	0.000472	0.000983	0.000438	0.242456
0.506656	0.000776	0.000251	0.000708	0.193499	0.000531	0.000956	0.000524	0.242484
0.506746	0.000821	0.000291	0.000710	0.193534	0.000579	0.000953	0.000372	0.242572
0.506765	0.000755	0.000252	0.000955	0.193566	0.000444	0.000920	0.000404	0.242547
0.506708	0.000834	0.000262	0.000618	0.193554	0.000488	0.000954	0.000424	0.242516
0.506635	0.000851	0.000228	0.000696	0.193538	0.000509	0.000971	0.000435	0.242649
0.506697	0.000788	0.000262	0.000726	0.193583	0.000572	0.000975	0.000429	0.242661
0.506779	0.000810	0.000263	0.000625	0.193573	0.000518	0.000996	0.000437	0.242654
0.507014	0.000743	0.000239	0.000774	0.193617	0.000519	0.000966	0.000366	0.242627
0.506949	0.000827	0.000341	0.000617	0.193728	0.000501	0.000936	0.000441	0.242610
0.506915	0.000925	0.000273	0.000723	0.193811	0.000467	0.000972	0.000414	0.242576
0.506914	0.000780	0.000244	0.000728	0.193817	0.000521	0.000917	0.000455	0.242642
0.507033	0.000767	0.000244	0.000692	0.193831	0.000576	0.000921	0.000461	0.242578
0.507149	0.000772	0.000198	0.000742	0.193934	0.000509	0.001021	0.000416	0.242507
0.507127	0.000780	0.000268	0.000678	0.193950	0.000430	0.000896	0.000436	0.242415
0.507159	0.000894	0.000305	0.000663	0.194013	0.000490	0.000929	0.000493	0.242466
0.507236	0.000827	0.000193	0.000762	0.194111	0.000553	0.000969	0.000461	0.242435
0.507381	0.000721	0.000294	0.000679	0.194043	0.000549	0.000970	0.000457	0.242526
0.507463	0.000771	0.000240	0.000694	0.194097	0.000538	0.000959	0.000505	0.242532
0.507437	0.000784	0.000275	0.000837	0.194196	0.000466	0.000935	0.000458	0.242437
0.507434	0.000838	0.000290	0.000643	0.194259	0.000530	0.000882	0.000443	0.242427
0.507471	0.000855	0.000251	0.000722	0.194228	0.000484	0.000960	0.000399	0.242468
0.507610	0.000777	0.000289	0.000716	0.194226	0.000486	0.000901	0.000360	0.242434
0.507603	0.000761	0.000253	0.000653	0.194250	0.000548	0.000900	0.000343	0.242409
0.507611	0.000757	0.000230	0.001084	0.194293	0.000497	0.000880	0.000429	0.242513
0.507525	0.000789	0.000322	0.000628	0.194427	0.000481	0.000867	0.000443	0.242416
0.507482	0.000939	0.000217	0.000710	0.194400	0.000496	0.000915	0.000439	0.242471
0.507591	0.000832	0.000306	0.000734	0.194413	0.000526	0.000933	0.000413	0.242485
0.507658	0.000718	0.000257	0.000681	0.194420	0.000544	0.000968	0.000416	0.242520
0.507835	0.000821	0.000253	0.000747	0.194430	0.000494	0.000949	0.000353	0.242535
0.507662	0.000750	0.000314	0.000721	0.194348	0.000506	0.000905	0.000478	0.242617
0.507610	0.000920	0.000229	0.000689	0.194288	0.000462	0.000937	0.000500	0.242643
0.507643	0.000827	0.000209	0.000742	0.194247	0.000486	0.000935	0.000382	0.242638
0.507685	0.000734	0.000286	0.000645	0.194241	0.000591	0.000905	0.000467	0.242717
0.507781	0.000803	0.000232	0.000641	0.194205	0.000557	0.000894	0.000503	0.242721
0.507756	0.000805	0.000291	0.000879	0.194119	0.000497	0.000972	0.000382	0.242786
0.507612	0.000871	0.000295	0.000641	0.194209	0.000522	0.000941	0.000449	0.242825
0.507381	0.000870	0.000184	0.000739	0.194245	0.000476	0.000922	0.000475	0.242778
0.507471	0.000792	0.000275	0.000718	0.194299	0.000558	0.000930	0.000407	0.242783
0.507595	0.000758	0.000272	0.000657	0.194334	0.000590	0.000886	0.000337	0.242769
0.507751	0.000777	0.000224	0.001011	0.194360	0.000532	0.000945	0.000365	0.242860
0.507685	0.000823	0.000293	0.000644	0.194351	0.000464	0.000993	0.000428	0.242841
0.507701	0.000925	0.000195	0.000693	0.194402	0.000519	0.000956	0.000457	0.242843
0.507665	0.000783	0.000233	0.000755	0.194315	0.000529	0.000939	0.000459	0.242895
0.507703	0.000787	0.000341	0.000671	0.194403	0.000582	0.000921	0.000711	0.242865
0.507702	0.000734	0.000215	0.000704	0.194406	0.000515	0.000912	0.000366	0.242929
0.507759	0.000777	0.000233	0.000654	0.194413	0.000570	0.000937	0.000415	0.242855
0.507675	0.000861	0.000239	0.000677	0.194417	0.000521	0.000954	0.000462	0.242884
0.507541	0.000798	0.000194	0.000760	0.194400	0.000544	0.000948	0.000458	0.242893
0.507599	0.000720	0.000254	0.000726	0.194395	0.000531	0.000885	0.000503	0.242867
0.507514	0.000789	0.000209	0.000698	0.194383	0.000490	0.000938	0.000497	0.242869
0.507388	0.000752	0.000215	0.000788	0.194341	0.000548	0.000962	0.000407	0.242993
0.507380	0.000844	0.000300	0.000632	0.194297	0.000512	0.000920	0.000466	0.243007
0.507302	0.000834	0.000258	0.000743	0.194233	0.000527	0.000957	0.000384	0.243002
0.507355	0.000766	0.000249	0.000714	0.194272	0.000605	0.000908	0.000388	0.243135
0.507398	0.000753	0.000261	0.000626	0.194269	0.000555	0.000945	0.000540	0.243035
0.507458	0.000784	0.000194	0.000863	0.194373	0.000487	0.001004	0.000394	0.243012
0.507496	0.000796	0.000249	0.000647	0.194407	0.000477	0.000939	0.000448	0.242959
0.507505	0.000894	0.000293	0.000719	0.194515	0.000469	0.000919	0.000409	0.242983
0.507603	0.000767	0.000186	0.000729	0.194601	0.000543	0.000896	0.000357	0.242836
0.507706	0.000764	0.000276	0.000677	0.194743	0.000588	0.000927	0.000408	0.242763
0.507923	0.000799	0.000271	0.000776	0.194823	0.000466	0.000973	0.000424	0.242724
0.508139	0.000796	0.000263	0.000673	0.194787	0.000525	0.000951	0.000499	0.242704
0.508092	0.000921	0.000267	0.000736	0.194859	0.000496	0.000955	0.000483	0.242753
0.508134	0.000798	0.000220	0.000790	0.194885	0.000552	0.000895	0.000386	0.242722
0.508142	0.000823	0.000204	0.000694	0.194930	0.000590	0.000971	0.000401	0.242667
0.508120	0.000826	0.000252	0.000702	0.194896	0.000532	0.000904	0.000373	0.242662
0.508189	0.000773	0.000193	0.000658	0.194890	0.000502	0.000909	0.000460	0.242723
0.508228	0.000866	0.000256	0.000710	0.194905	0.000521	0.000904	0.000485	0.242692
0.508317	0.000830	0.000266	0.000760	0.194946	0.000527	0.000942	0.000383	0.242649
0.508377	0.000815	0.000184	0.000687	0.194993	0.000527	0.000854	0.000414	0.242715
0.508473	0.000842	0.000262	0.000673	0.194988	0.000525	0.000939	0.000428	0.242721
0.508364	0.000789	0.000264	0.000980	0.195015	0.000533	0.000946	0.000403	0.242740
0.508438	0.000844	0.000274	0.000638	0.195070	0.000521	0.000934	0.000447	0.242654
0.508548	0.000872	0.000312	0.000721	0.195169	0.000455	0.000937	0.000419	0.242551
0.508518	0.000768	0.000181	0.000760	0.195157	0.000573	0.000906	0.000447	0.242635
0.508577	0.000790	0.000236	0.000647	0.195054	0.000553	0.000976	0.000385	0.242768
0.508558	0.000841	0.000280	0.000914	0.195004	0.000512	0.000935	0.000387	0.242713
0.508529	0.000790	0.000220	0.000708	0.194971	0.000506	0.000878	0.000447	0.242749
0.508269	0.000910	0.000302	0.000721	0.194778	0.000472	0.001001	0.000462	0.242936
0.508092	0.000836	0.000257	0.000740	0.194828	0.000587	0.000932	0.000458	0.242943
0.507962	0.000820	0.000259	0.000667	0.194872	0.000587	0.001000	0.000354	0.242951
0.508142	0.000768	0.000226	0.000616	0.194886	0.000493	0.000959	0.000368	0.242856
0.508327	0.000770	0.000268	0.000742	0.194828	0.000488	0.000857	0.000444	0.242844
0.508408	0.000851	0.000242	0.000687	0.194936	0.000508	0.000935	0.000435	0.242899
0.508304	0.000807	0.000223	0.000720	0.195009	0.000549	0.000912	0.000426	0.242880
0.508311	0.000776	0.000215	0.000707	0.194958	0.000595	0.000983	0.000389	0.242841
0.508366	0.000766	0.000233	0.000714	0.195057	0.000536	0.000940	0.000379	0.242866
0.508667	0.000810	0.000225	0.000816	0.195109	0.000527	0.000823	0.000467	0.242778
0.508635	0.000857	0.000217	0.000633	0.195135	0.000511	0.000889	0.000443	0.242840
0.508590	0.000892	0.000328	0.000725	0.195152	0.000529	0.000957	0.000404	0.242795
0.508506	0.000826	0.000285	0.000739	0.195155	0.000628	0.001008	0.000478	0.242814
0.508405	0.000778	0.000223	0.000708	0.195042	0.000555	0.000916	0.000614	0.242889
0.508468	0.000801	0.000280	0.000900	0.194997	0.000490	0.000875	0.000438	0.242918
0.508432	0.000777	0.000260	0.000650	0.195155	0.000489	0.000923	0.000439	0.242892
0.508459	0.000883	0.000250	0.000693	0.195160	0.000559	0.000946	0.000457	0.242854
0.508364	0.000781	0.000237	0.000714	0.195320	0.000544	0.000948	0.000369	0.242854
0.508435	0.000774	0.000245	0.000684	0.195356	0.000578	0.000866	0.000487	0.242815
0.508556	0.000797	0.000304	0.000698	0.195371	0.000516	0.000945	0.000438	0.242779
0.508578	0.000766	0.000310	0.000756	0.195321	0.000542	0.000909	0.000465	0.242882
0.508565	0.000877	0.000223	0.000670	0.195373	0.000542	0.000930	0.000428	0.242764
0.508558	0.000833	0.000276	0.000725	0.195349	0.000562	0.000924	0.000412	0.242820
0.508526	0.000795	0.000244	0.000723	0.195362	0.000594	0.000993	0.000511	0.242885
0.508503	0.000786	0.000227	0.000705	0.195311	0.000553	0.000958	0.000403	0.242847
0.508471	0.000800	0.000284	0.000902	0.195260	0.000498	0.000839	0.000479	0.242929
0.508433	0.000857	0.000222	0.000652	0.195267	0.000552	0.001019	0.000452	0.243000
0.508375	0.000878	0.000271	0.000775	0.195322	0.000512	0.000872	0.000380	0.242910
0.508513	0.000787	0.000277	0.000736	0.195316	0.000578	0.000868	0.000542	0.242947
0.508605	0.000809	0.000245	0.000667	0.195241	0.000513	0.000978	0.000394	0.242958
0.508651	0.000784	0.000325	0.001147	0.195227	0.000501	0.000863	0.000469	0.242925
0.508585	0.000810	0.000187	0.000642	0.195252	0.000538	0.000825	0.000459	0.242962
0.508446	0.000917	0.000248	0.000731	0.195279	0.000525	0.000963	0.000470	0.242972
0.508454	0.000778	0.000308	0.000786	0.195246	0.000554	0.000965	0.000399	0.243043
0.508670	0.000827	0.000232	0.000662	0.195290	0.000539	0.000899	0.000492	0.242911
0.508684	0.000793	0.000302	0.000700	0.195325	0.000499	0.000879	0.000436	0.242962
0.508515	0.000760	0.000283	0.000753	0.195329	0.000485	0.000904	0.000472	0.243018
0.508508	0.000931	0.000201	0.000682	0.195336	0.000546	0.000924	0.000444	0.242965
0.508607	0.000822	0.000283	0.000760	0.195391	0.000552	0.000840	0.000351	0.242954
0.508598	0.000782	0.000260	0.000707	0.195401	0.000587	0.000984	0.000672	0.242959
0.508552	0.000807	0.000234	0.000669	0.195413	0.000553	0.000946	0.000373	0.242952
0.508591	0.000802	0.000323	0.000761	0.195359	0.000507	0.000972	0.000418	0.242988
0.508468	0.000852	0.000212	0.000656	0.195300	0.000529	0.000968	0.000482	0.243024
0.508553	0.000883	0.000256	0.000725	0.195416	0.000536	0.000913	0.000402	0.242953
0.508483	0.000803	0.000245	0.000726	0.195458	0.000552	0.000852	0.000428	0.242945
0.508327	0.000794	0.000206	0.000661	0.195474	0.000520	0.000918	0.000475	0.242948
0.508309	0.000777	0.000322	0.001022	0.195514	0.000505	0.000992	0.000418	0.243012
0.508333	0.000782	0.000285	0.000619	0.195616	0.000515	0.000920	0.000473	0.242885
0.508355	0.000884	0.000241	0.000730	0.195543	0.000540	0.000870	0.000393	0.242905
0.508507	0.000796	0.000284	0.000753	0.195513	0.000524	0.000889	0.000390	0.242975
0.508577	0.000812	0.000254	0.000650	0.195569	0.000557	0.000932	0.000414	0.242935
0.508645	0.000798	0.000254	0.000749	0.195512	0.000503	0.000970	0.000367	0.242973
0.508617	0.000809	0.000288	0.000657	0.195586	0.000524	0.000928	0.000473	0.242945
0.508624	0.000963	0.000225	0.000713	0.195605	0.000510	0.000923	0.000417	0.242885
0.508657	0.000829	0.000302	0.000747	0.195651	0.000606	0.000898	0.000384	0.242994
0.508707	0.000784	0.000263	0.000707	0.195634	0.000556	0.000893	0.000588	0.242966
0.508706	0.000827	0.000222	0.000656	0.195721	0.000510	0.000867	0.000453	0.242905
0.508695	0.000736	0.000289	0.000804	0.195609	0.000474	0.000925	0.000427	0.242968
0.508505	0.000851	0.000283	0.000627	0.195448	0.000521	0.000954	0.000462	0.243094
0.508369	0.000866	0.000224	0.000746	0.195398	0.000588	0.000906	0.000386	0.243170
0.508358	0.000827	0.000300	0.000715	0.195407	0.000597	0.000873	0.000412	0.243101
0.508291	0.000778	0.000202	0.000635	0.195467	0.000464	0.001015	0.000405	0.243132
0.508170	0.000780	0.000257	0.001141	0.195501	0.000499	0.000894	0.000442	0.243143
0.508346	0.000860	0.000240	0.000659	0.195454	0.000489	0.000948	0.000455	0.243139
0.508550	0.000920	0.000196	0.000729	0.195526	0.000566	0.000900	0.000387	0.243003
0.508587	0.000809	0.000275	0.000730	0.195533	0.000594	0.001026	0.000604	0.243102
0.508622	0.000868	0.000265	0.000678	0.195550	0.000561	0.000942	0.000369	0.243090
0.508551	0.000845	0.000249	0.000956	0.195571	0.000479	0.000930	0.000435	0.243102
0.508587	0.000813	0.000291	0.000646	0.195636	0.000573	0.000906	0.000475	0.243097
0.508639	0.000901	0.000197	0.000726	0.195716	0.000513	0.000955	0.000414	0.243000
0.508568	0.000829	0.000285	0.000751	0.195826	0.000549	0.000899	0.000381	0.242924
0.508491	0.000790	0.000248	0.000699	0.195836	0.000594	0.000851	0.000497	0.242941
0.508348	0.000777	0.000233	0.000768	0.195889	0.000483	0.000883	0.000431	0.242939
0.508271	0.000776	0.000278	0.000764	0.195911	0.000503	0.000904	0.000464	0.242948
0.508261	0.000903	0.000234	0.000707	0.195926	0.000499	0.000952	0.000441	0.242966
0.508158	0.000877	0.000236	0.000761	0.195933	0.000555	0.000949	0.000443	0.242994
0.507956	0.000773	0.000287	0.000710	0.196022	0.000631	0.000856	0.000433	0.242913
0.507928	0.000769	0.000213	0.000660	0.196059	0.000552	0.000977	0.000386	0.242890
0.507936	0.000819	0.000280	0.000949	0.196179	0.000533	0.000877	0.000464	0.242787
0.507930	0.000794	0.000310	0.000636	0.196175	0.000537	0.000891	0.000438	0.242811
0.507897	0.000890	0.000219	0.000734	0.196223	0.000555	0.000925	0.000439	0.242779
0.507933	0.000810	0.000237	0.000725	0.196370	0.000604	0.000946	0.000388	0.242688
0.507924	0.000781	0.000326	0.000705	0.196340	0.000561	0.000974	0.000349	0.242697
0.507915	0.000790	0.000272	0.000806	0.196362	0.000498	0.000880	0.000472	0.242697
0.507985	0.000865	0.000266	0.000639	0.196331	0.000541	0.000877	0.000470	0.242707
0.508016	0.000904	0.000295	0.000719	0.196385	0.000561	0.000949	0.000449	0.242733
0.508036	0.000814	0.000198	0.000763	0.196367	0.000583	0.000898	0.000462	0.242790
0.508028	0.000810	0.000322	0.000682	0.196360	0.000533	0.000927	0.000351	0.242712
0.508070	0.000838	0.000293	0.000679	0.196362	0.000513	0.000887	0.000465	0.242747
0.508026	0.000821	0.000244	0.000747	0.196377	0.000501	0.000942	0.000467	0.242803
0.508282	0.000917	0.000284	0.000664	0.196549	0.000522	0.000989	0.000498	0.242694
0.508358	0.000906	0.000199	0.000766	0.196553	0.000548	0.000884	0.000372	0.242649
0.508419	0.000823	0.000262	0.000700	0.196552	0.000598	0.000935	0.000466	0.242680
0.508402	0.000796	0.000259	0.000666	0.196489	0.000551	0.000957	0.000485	0.242712
0.508465	0.000810	0.000235	0.000901	0.196482	0.000486	0.000967	0.000456	0.242762
0.508414	0.000839	0.000293	0.000703	0.196471	0.000485	0.000913	0.000458	0.242714
0.508496	0.000924	0.000267	0.000744	0.196502	0.000539	0.000912	0.000446	0.242751
0.508522	0.000780	0.000253	0.000751	0.196466	0.000567	0.001001	0.000541	0.242733
0.508544	0.000782	0.000287	0.000672	0.196567	0.000537	0.000921	0.000391	0.242697
0.508671	0.000804	0.000212	0.000814	0.196544	0.000524	0.000900	0.000428	0.242782
0.508740	0.000772	0.000239	0.000599	0.196541	0.000515	0.000890	0.000465	0.242736
0.508810	0.000916	0.000281	0.000711	0.196546	0.000551	0.000966	0.000456	0.242780
0.508820	0.000820	0.000238	0.000760	0.196622	0.000550	0.000898	0.000423	0.242749
0.508803	0.000810	0.000286	0.000690	0.196669	0.000550	0.000907	0.000511	0.242662
0.508861	0.000846	0.000234	0.000759	0.196677	0.000520	0.000989	0.000402	0.242751
0.508936	0.000803	0.000242	0.000753	0.196679	0.000484	0.000873	0.000469	0.242689
0.508836	0.000907	0.000296	0.000697	0.196705	0.000453	0.000909	0.000419	0.242645
0.508795	0.000827	0.000218	0.000764	0.196752	0.000545	0.000909	0.000446	0.242720
0.508884	0.000809	0.000317	0.000716	0.196769	0.000556	0.000981	0.000381	0.242691
0.508957	0.000809	0.000283	0.000668	0.196818	0.000544	0.001027	0.000373	0.242671
0.509128	0.000799	0.000250	0.000873	0.196792	0.000481	0.000908	0.000447	0.242705
0.509194	0.000844	0.000313	0.000707	0.196788	0.000490	0.000897	0.000415	0.242621
0.509034	0.000900	0.000267	0.000763	0.196768	0.000580	0.000878	0.000364	0.242732
0.508945	0.000798	0.000226	0.000755	0.196934	0.000573	0.000877	0.000528	0.242692
0.509111	0.000850	0.000315	0.000662	0.197000	0.000529	0.000982	0.000395	0.242691
0.509213	0.000833	0.000213	0.000940	0.196955	0.000563	0.000947	0.000418	0.242654
0.509268	0.000821	0.000279	0.000660	0.196910	0.000499	0.000930	0.000468	0.242689
0.509177	0.000927	0.000256	0.000726	0.196906	0.000569	0.000900	0.000408	0.242727
0.509161	0.000834	0.000231	0.000758	0.196960	0.000594	0.000867	0.000351	0.242738
0.509241	0.000786	0.000306	0.000702	0.196913	0.000534	0.000936	0.000545	0.242782
0.509262	0.000808	0.000226	0.000753	0.196946	0.000479	0.000953	0.000422	0.242826
0.509101	0.000793	0.000223	0.000679	0.196915	0.000514	0.000974	0.000480	0.242808
0.509068	0.000897	0.000267	0.000659	0.196911	0.000541	0.000966	0.000408	0.242772
0.509166	0.000862	0.000255	0.000747	0.196942	0.000604	0.000876	0.000381	0.242765
0.509211	0.000796	0.000324	0.000748	0.196873	0.000567	0.000999	0.000398	0.242820
0.509351	0.000818	0.000249	0.000679	0.196791	0.000507	0.000873	0.000486	0.242859
0.509360	0.000814	0.000216	0.000894	0.196755	0.000513	0.000957	0.000459	0.242940
0.509447	0.000864	0.000314	0.000697	0.196978	0.000529	0.000887	0.000431	0.242826
0.509503	0.000888	0.000219	0.000740	0.196994	0.000559	0.000984	0.000434	0.242830
0.509513	0.000799	0.000270	0.000771	0.196986	0.000582	0.000864	0.000544	0.242845
0.509377	0.000799	0.000253	0.000664	0.196877	0.000542	0.000974	0.000385	0.242903
0.509434	0.000819	0.000226	0.001017	0.196924	0.000538	0.000894	0.000476	0.242878
0.509353	0.000824	0.000241	0.000632	0.196984	0.000509	0.000975	0.000470	0.242941
0.509409	0.000927	0.000273	0.000774	0.196939	0.000551	0.000901	0.000379	0.242871
0.509430	0.000865	0.000206	0.000778	0.196992	0.000612	0.000903	0.000572	0.242919
0.509560	0.000801	0.000258	0.000656	0.197095	0.000535	0.000938	0.000460	0.242861
0.509464	0.000758	0.000215	0.000828	0.197141	0.000494	0.000894	0.000441	0.242827
0.509393	0.000806	0.000257	0.000708	0.197070	0.000521	0.000880	0.000467	0.242771
0.509432	0.000921	0.000265	0.000729	0.197199	0.000547	0.000927	0.000415	0.242852
0.509475	0.000845	0.000233	0.000774	0.197148	0.000604	0.000914	0.000463	0.242896
0.509514	0.000790	0.000263	0.000695	0.197100	0.000585	0.000961	0.000473	0.242961
0.509457	0.000823	0.000254	0.000664	0.197068	0.000560	0.001036	0.000410	0.242878
0.509429	0.000818	0.000224	0.001010	0.197013	0.000519	0.000994	0.000455	0.242937
0.509412	0.000908	0.000315	0.000685	0.197005	0.000508	0.001017	0.000455	0.242968
0.509301	0.000894	0.000221	0.000770	0.197046	0.000599	0.000940	0.000576	0.242970
0.509165	0.000787	0.000214	0.000737	0.197086	0.000549	0.000920	0.000528	0.242964
0.509143	0.000799	0.000302	0.000636	0.197135	0.000528	0.000963	0.000425	0.242974
0.509281	0.000776	0.000244	0.000951	0.197100	0.000482	0.000874	0.000444	0.242916
0.509387	0.000844	0.000277	0.000651	0.196984	0.000538	0.000948	0.000462	0.242921
0.509274	0.000921	0.000287	0.000726	0.197031	0.000563	0.000901	0.000414	0.242947
0.509263	0.000858	0.000222	0.000747	0.197018	0.000616	0.001001	0.000409	0.243012
0.509311	0.000821	0.000353	0.000662	0.197068	0.000564	0.000944	0.000362	0.242944
0.509274	0.000819	0.000238	0.000871	0.197110	0.000530	0.000867	0.000492	0.242972
0.509301	0.000862	0.000232	0.000632	0.197104	0.000513	0.000892	0.000424	0.242975
0.509386	0.000927	0.000316	0.000735	0.197177	0.000518	0.000965	0.000471	0.242973
0.509406	0.000865	0.000224	0.000780	0.197109	0.000560	0.000969	0.000361	0.242954
0.509538	0.000812	0.000318	0.000727	0.197142	0.000570	0.000890	0.000443	0.242938
0.509567	0.000809	0.000225	0.000663	0.197124	0.000481	0.000892	0.000448	0.242975
0.509873	0.000843	0.000234	0.000743	0.197107	0.000515	0.000866	0.000459	0.242930
0.509842	0.000895	0.000283	0.000701	0.197042	0.000499	0.000926	0.000407	0.242944
0.509912	0.000902	0.000262	0.000781	0.197130	0.000502	0.000940	0.000444	0.242964
0.509940	0.000743	0.000187	0.000724	0.197204	0.000633	0.000887	0.000643	0.242980
0.509874	0.000781	0.000313	0.000649	0.197260	0.000549	0.000887	0.000416	0.242913
0.509894	0.000823	0.000246	0.000980	0.197186	0.000542	0.001024	0.000490	0.242932
