#header text header text texty text text
1.222127	0.010222	0.001951	0.003138	1.000536	0.006428	0.006836	0.002069	0.772684
1.222241	0.010534	0.002088	0.003440	1.000596	0.006055	0.006932	0.002322	0.772780
1.222261	0.010683	0.002480	0.003336	1.000750	0.006200	0.006846	0.002440	0.772817
1.222379	0.010466	0.001739	0.003232	1.000737	0.006524	0.006856	0.002192	0.772624
1.222470	0.010247	0.002552	0.003168	1.000912	0.006216	0.006932	0.002331	0.772669
1.222379	0.010259	0.002040	0.003113	1.000827	0.006467	0.006813	0.002426	0.772669
1.222430	0.010427	0.001918	0.003257	1.000998	0.006225	0.006947	0.002152	0.772713
1.222537	0.010717	0.002559	0.003500	1.000953	0.006152	0.006927	0.002492	0.772712
1.222458	0.010559	0.001790	0.003127	1.000978	0.006486	0.006837	0.002325	0.772577
1.222586	0.010327	0.002276	0.003163	1.000809	0.006359	0.006949	0.002057	0.772610
1.222607	0.010242	0.002278	0.003156	1.001025	0.006532	0.006833	0.003366	0.772558
1.222490	0.010288	0.001812	0.003190	1.000861	0.006456	0.006879	0.002090	0.772550
1.222454	0.010583	0.002616	0.003464	1.001070	0.006164	0.006895	0.002354	0.772606
1.222562	0.010728	0.001883	0.003397	1.001118	0.006433	0.006808	0.002435	0.772574
1.222671	0.010381	0.002040	0.003112	1.001200	0.006285	0.006942	0.002082	0.772609
1.222508	0.010259	0.002543	0.003143	1.001143	0.006493	0.006859	0.002565	0.772590
1.222307	0.010204	0.001699	0.003153	1.001311	0.006545	0.006902	0.002120	0.772382
1.222398	0.010470	0.002461	0.003354	1.001246	0.006084	0.006929	0.002219	0.772415
1.222599	0.010672	0.002137	0.003436	1.001000	0.006306	0.006856	0.002402	0.772418
1.222597	0.010540	0.001941	0.003212	1.001259	0.006399	0.006954	0.002289	0.772343
1.222755	0.010287	0.002580	0.003124	1.001267	0.006412	0.006870	0.002083	0.772290
1.222462	0.010196	0.001710	0.003113	1.001348	0.006591	0.006908	0.002772	0.772281
1.222565	0.010335	0.002419	0.003190	1.001181	0.006179	0.006895	0.002124	0.772426
1.222286	0.010662	0.002203	0.003445	1.001352	0.006386	0.006943	0.002374	0.772362
1.222419	0.010692	0.001891	0.003408	1.001357	0.006398	0.006870	0.002386	0.772356
1.222592	0.010336	0.002557	0.003087	1.001340	0.006369	0.006902	0.002075	0.772358
1.222762	0.010203	0.001711	0.003102	1.001326	0.006497	0.006929	0.002770	0.772263
1.222669	0.010284	0.002391	0.003071	1.001315	0.006227	0.006958	0.001966	0.772400
1.222590	0.010525	0.002243	0.003371	1.001316	0.006258	0.006939	0.002316	0.772409
1.222644	0.010731	0.001824	0.003375	1.001153	0.006197	0.006917	0.002434	0.772351
1.222835	0.010524	0.002540	0.003188	1.001203	0.006238	0.006890	0.002215	0.772406
1.222777	0.010337	0.001872	0.003269	1.001071	0.006686	0.006944	0.002243	0.772235
1.222826	0.010295	0.002286	0.003102	1.001207	0.006309	0.006922	0.002315	0.772327
1.223025	0.010362	0.002410	0.003258	1.001289	0.006324	0.006897	0.002113	0.772278
1.222768	0.010751	0.001690	0.003501	1.001220	0.006313	0.006973	0.002418	0.772351
1.222863	0.010539	0.002518	0.003165	1.001314	0.006102	0.006840	0.002297	0.772365
1.222858	0.010306	0.001993	0.003107	1.001260	0.006669	0.006964	0.001982	0.772224
1.222883	0.010274	0.002228	0.003135	1.001316	0.006304	0.006980	0.002884	0.772176
1.222634	0.010276	0.002393	0.003170	1.001338	0.006434	0.006866	0.002000	0.772336
1.222912	0.010570	0.001687	0.003427	1.001080	0.006330	0.006971	0.002302	0.772277
1.222805	0.010688	0.002526	0.003332	1.001465	0.006121	0.006894	0.002388	0.772331
1.222863	0.010441	0.001985	0.003199	1.001495	0.006497	0.006889	0.002106	0.772182
1.222854	0.010245	0.002181	0.003095	1.001414	0.006329	0.007019	0.002275	0.772233
1.223036	0.010261	0.002420	0.003061	1.001593	0.006394	0.006860	0.002055	0.772160
1.223121	0.010433	0.001664	0.003301	1.001629	0.006403	0.007011	0.002148	0.772053
1.222920	0.010779	0.002525	0.003436	1.001532	0.006075	0.006950	0.002397	0.772184
1.222996	0.010472	0.002112	0.003137	1.001615	0.006549	0.006884	0.002223	0.772131
1.223128	0.010303	0.001884	0.003209	1.001611	0.006478	0.007011	0.002073	0.772097
1.223040	0.010258	0.002522	0.003180	1.001711	0.006414	0.006954	0.002730	0.772090
1.223032	0.010342	0.001827	0.003217	1.001792	0.006487	0.006955	0.002087	0.772015
1.222981	0.010624	0.002361	0.003458	1.001805	0.005974	0.007015	0.002316	0.772080
1.222788	0.010729	0.002341	0.003362	1.001714	0.006441	0.006860	0.002336	0.772028
1.222997	0.010368	0.001689	0.003061	1.001835	0.006519	0.006972	0.002058	0.772054
1.223136	0.010195	0.002600	0.003070	1.001736	0.006353	0.006980	0.002453	0.772320
1.223161	0.010273	0.002020	0.003131	1.001943	0.006595	0.006887	0.001957	0.772122
1.223046	0.010408	0.001981	0.003324	1.001847	0.006078	0.007007	0.002188	0.772069
1.222835	0.010687	0.002543	0.003400	1.001881	0.006178	0.006889	0.002397	0.772118
1.223101	0.010443	0.001757	0.003134	1.001881	0.006595	0.006900	0.002182	0.772067
1.222998	0.010267	0.002389	0.003219	1.002040	0.006269	0.006967	0.002168	0.772095
1.222954	0.010353	0.002185	0.003160	1.002114	0.006463	0.006922	0.002312	0.772121
1.223009	0.010421	0.001803	0.003238	1.001629	0.006384	0.006968	0.002161	0.772106
1.223065	0.010680	0.002553	0.003520	1.001556	0.006165	0.007000	0.002367	0.772191
1.222884	0.010589	0.001881	0.003212	1.001793	0.006468	0.006922	0.002277	0.772022
1.222983	0.010317	0.002164	0.003145	1.001900	0.006291	0.007009	0.002028	0.771986
1.223209	0.010190	0.002487	0.003171	1.002089	0.006403	0.006888	0.002815	0.772125
1.223043	0.010321	0.001724	0.003112	1.002019	0.006467	0.006991	0.002007	0.772047
1.223096	0.010529	0.002448	0.003411	1.002078	0.006017	0.007003	0.002276	0.772124
1.223130	0.010737	0.002167	0.003320	1.002080	0.006323	0.006919	0.002350	0.772052
1.223005	0.010359	0.001784	0.003089	1.002228	0.006407	0.006977	0.002050	0.771997
1.222952	0.010272	0.002592	0.003160	1.002002	0.006364	0.006987	0.002287	0.772034
1.223101	0.010215	0.001880	0.003086	1.002137	0.006670	0.006886	0.002190	0.771942
1.222988	0.010425	0.002123	0.003243	1.002094	0.006225	0.007014	0.002160	0.771941
1.223200	0.010743	0.002445	0.003501	1.002239	0.006239	0.006952	0.002319	0.772021
1.223146	0.010549	0.001724	0.003259	1.001899	0.006481	0.006956	0.002232	0.771947
1.222948	0.010277	0.002513	0.003083	1.002217	0.006268	0.007021	0.001953	0.772080
1.222909	0.010274	0.002136	0.003128	1.002202	0.006624	0.006922	0.002525	0.772015
1.222919	0.010317	0.001861	0.003167	1.002202	0.006385	0.006990	0.002061	0.771980
1.223027	0.010654	0.002593	0.003507	1.002153	0.006177	0.006989	0.002316	0.772079
1.223026	0.010702	0.001874	0.003328	1.002288	0.006561	0.006964	0.002303	0.771876
