#header text header text texty text text
1.225805	0.010428	0.002358	0.003233	1.003480	0.006247	0.006892	0.004199	0.774639
1.225877	0.010433	0.002310	0.003312	1.003454	0.006638	0.006739	0.002543	0.774617
1.225853	0.010774	0.001837	0.003499	1.003536	0.006278	0.006860	0.002504	0.774595
1.225935	0.010755	0.002571	0.003318	1.003687	0.006162	0.006834	0.002655	0.774595
1.226129	0.010451	0.001987	0.003108	1.003792	0.006510	0.006733	0.002380	0.774452
1.226055	0.010314	0.002108	0.003204	1.003915	0.006143	0.006876	0.002899	0.774510
1.226037	0.010381	0.002420	0.003237	1.003777	0.006533	0.006785	0.002817	0.774560
1.226170	0.010705	0.001847	0.003526	1.003743	0.006417	0.006792	0.002421	0.774434
1.226119	0.010909	0.002460	0.003434	1.003823	0.006221	0.006875	0.002674	0.774537
1.225903	0.010485	0.002191	0.003037	1.003788	0.006433	0.006761	0.002484	0.774422
1.225912	0.010353	0.001876	0.003269	1.003578	0.006238	0.006825	0.002503	0.774427
1.226063	0.010388	0.002543	0.003211	1.003606	0.006580	0.006858	0.004039	0.774452
1.226155	0.010574	0.001919	0.003359	1.003740	0.006683	0.006743	0.002472	0.774385
1.226133	0.010814	0.002188	0.003581	1.003915	0.006146	0.006939	0.002598	0.774404
1.226114	0.010729	0.002382	0.003243	1.003824	0.006459	0.006761	0.002654	0.774351
1.226118	0.010405	0.001811	0.003109	1.003725	0.006293	0.006807	0.002327	0.774223
1.226362	0.010346	0.002513	0.003196	1.003912	0.006451	0.006888	0.003313	0.774470
1.226377	0.010453	0.002112	0.003241	1.004021	0.006702	0.006739	0.002645	0.774402
1.226279	0.010704	0.001888	0.003499	1.004105	0.006217	0.006876	0.002410	0.774438
1.226336	0.010882	0.002536	0.003381	1.004137	0.006330	0.006845	0.002698	0.774502
1.226232	0.010562	0.001906	0.003222	1.004068	0.006428	0.006746	0.002450	0.774340
1.226384	0.010362	0.002261	0.003253	1.004285	0.006292	0.006879	0.002630	0.774437
1.226083	0.010427	0.002376	0.003201	1.003936	0.006567	0.006748	0.003355	0.774361
1.226289	0.010570	0.001789	0.003396	1.004314	0.006464	0.006831	0.002340	0.774323
1.226311	0.010843	0.002465	0.003508	1.004280	0.006108	0.006895	0.002608	0.774382
1.226403	0.010680	0.002081	0.003288	1.004318	0.006459	0.006766	0.002605	0.774321
1.226365	0.010406	0.001952	0.003168	1.004249	0.006240	0.006862	0.002385	0.774265
1.226392	0.010459	0.002548	0.003119	1.004268	0.006563	0.006804	0.004092	0.774278
1.226164	0.010470	0.001880	0.003316	1.004271	0.006672	0.006757	0.002510	0.774184
1.226244	0.010742	0.002249	0.003509	1.004044	0.006079	0.006903	0.002535	0.774409
1.226352	0.010808	0.002376	0.003352	1.004100	0.006375	0.006786	0.002702	0.774285
1.226316	0.010459	0.001816	0.003122	1.004121	0.006310	0.006803	0.002374	0.774248
1.226158	0.010376	0.002502	0.003173	1.004301	0.006374	0.006893	0.002782	0.774442
1.226204	0.010393	0.002090	0.003198	1.004345	0.006683	0.006788	0.002907	0.774269
1.226384	0.010572	0.001921	0.003431	1.004347	0.006246	0.006823	0.002356	0.774300
1.226573	0.010868	0.002560	0.003479	1.004732	0.006296	0.006870	0.002688	0.774396
1.226354	0.010560	0.001845	0.003200	1.004574	0.006294	0.006765	0.002510	0.774137
1.226613	0.010421	0.002279	0.003169	1.004691	0.006312	0.006895	0.002457	0.774240
1.226307	0.010357	0.002429	0.003185	1.004443	0.006656	0.006783	0.004401	0.774240
1.226322	0.010503	0.001811	0.003319	1.004520	0.006377	0.006806	0.002428	0.774062
1.226455	0.010838	0.002521	0.003493	1.004345	0.006128	0.006868	0.002537	0.774183
1.226352	0.010724	0.002067	0.003302	1.004579	0.006484	0.006768	0.002650	0.774089
1.226459	0.010436	0.002010	0.003156	1.004518	0.006206	0.006883	0.002313	0.774098
1.226429	0.010370	0.002531	0.003200	1.004627	0.006433	0.006881	0.003270	0.774259
1.226514	0.010509	0.001809	0.003234	1.004707	0.006670	0.006795	0.002688	0.774120
1.226503	0.010675	0.002294	0.003452	1.004641	0.006206	0.006851	0.002387	0.774241
1.226430	0.010876	0.002341	0.003422	1.004731	0.006431	0.006787	0.002646	0.774046
1.226534	0.010512	0.001790	0.003231	1.004337	0.006267	0.006796	0.002392	0.774075
1.226547	0.010425	0.002536	0.003223	1.004451	0.006341	0.006871	0.002565	0.774209
1.226575	0.010441	0.002001	0.003188	1.004617	0.006697	0.006826	0.003471	0.774032
1.226641	0.010518	0.002099	0.003351	1.004785	0.006291	0.006810	0.002322	0.774148
1.226412	0.010838	0.002500	0.003499	1.005018	0.006409	0.006842	0.002611	0.774166
1.226533	0.010695	0.001754	0.003258	1.004890	0.006453	0.006775	0.002612	0.774122
1.226697	0.010413	0.002439	0.003126	1.004680	0.006162	0.006906	0.002300	0.774245
1.226738	0.010401	0.002205	0.003191	1.004781	0.006676	0.006825	0.003890	0.774157
1.226713	0.010389	0.001835	0.003260	1.004509	0.006366	0.006806	0.002452	0.774114
1.226813	0.010771	0.002539	0.003456	1.004709	0.006312	0.006855	0.002454	0.774133
1.226775	0.010810	0.001860	0.003442	1.004903	0.006473	0.006825	0.002652	0.774011
1.226638	0.010495	0.002181	0.003139	1.005072	0.006115	0.006827	0.002361	0.774138
1.226589	0.010457	0.002458	0.003302	1.004932	0.006544	0.006862	0.002854	0.774047
1.226480	0.010373	0.001770	0.003242	1.005023	0.006523	0.006810	0.002937	0.773994
1.226510	0.010596	0.002431	0.003363	1.004940	0.006235	0.006856	0.002322	0.774153
1.226431	0.010851	0.002201	0.003397	1.004916	0.006464	0.006801	0.002636	0.774178
1.226533	0.010705	0.001893	0.003229	1.004984	0.006289	0.006813	0.002551	0.774184
1.226309	0.010388	0.002513	0.003155	1.005107	0.006370	0.006857	0.002353	0.774259
1.226417	0.010285	0.001833	0.003171	1.005235	0.006579	0.006792	0.004459	0.774054
1.226554	0.010487	0.002263	0.003337	1.004898	0.006310	0.006832	0.002366	0.774223
1.226504	0.010849	0.002407	0.003556	1.004952	0.006349	0.006854	0.002529	0.774086
1.226485	0.010740	0.001803	0.003352	1.004986	0.006278	0.006817	0.002642	0.774070
1.226665	0.010495	0.002505	0.003156	1.004796	0.006173	0.006850	0.002256	0.774118
1.226593	0.010320	0.002105	0.003214	1.005182	0.006680	0.006852	0.003022	0.774087
1.226572	0.010389	0.002084	0.003187	1.005224	0.006325	0.006789	0.002548	0.774131
1.226564	0.010603	0.002511	0.003411	1.005203	0.006388	0.006883	0.002322	0.774136
1.226348	0.010836	0.001801	0.003437	1.005100	0.006443	0.006868	0.002653	0.773917
1.226329	0.010617	0.002368	0.003215	1.005286	0.006108	0.006859	0.002421	0.774006
1.226386	0.010355	0.002366	0.003224	1.005453	0.006554	0.006837	0.002526	0.774002
1.226495	0.010388	0.001749	0.003173	1.005372	0.006472	0.006810	0.003525	0.773883
1.226581	0.010526	0.002536	0.003338	1.005310	0.006337	0.006834	0.002259	0.774094
1.226510	0.010814	0.002010	0.003513	1.005532	0.006365	0.006806	0.002582	0.773784
