#header text header text texty text text
1.247734	0.011059	0.002767	0.003675	1.012403	0.006522	0.007545	0.002772	0.822361
1.247846	0.010746	0.002360	0.003474	1.012429	0.006702	0.007383	0.002494	0.822221
1.248073	0.010575	0.001953	0.003503	1.012638	0.006619	0.007557	0.002759	0.822143
1.248096	0.010523	0.002890	0.003403	1.012773	0.006804	0.007465	0.003385	0.822437
1.248003	0.010805	0.002067	0.003665	1.012643	0.006815	0.007415	0.002507	0.822200
1.247998	0.011032	0.002418	0.003757	1.012668	0.006352	0.007601	0.002707	0.822315
1.248271	0.010825	0.002638	0.003487	1.013009	0.006777	0.007408	0.002642	0.822389
1.248122	0.010604	0.001915	0.003516	1.013006	0.006681	0.007473	0.002529	0.822319
1.248412	0.010611	0.002827	0.003499	1.012874	0.006740	0.007561	0.004002	0.822368
1.248294	0.010767	0.002173	0.003585	1.013268	0.007035	0.007410	0.002667	0.822108
1.248004	0.010998	0.002268	0.003835	1.013258	0.006597	0.007563	0.002624	0.822239
1.248232	0.011031	0.002765	0.003724	1.013301	0.006774	0.007467	0.002772	0.822336
1.248022	0.010714	0.001925	0.003436	1.013129	0.006681	0.007446	0.002502	0.822216
1.248162	0.010552	0.002735	0.003459	1.012855	0.006645	0.007577	0.003048	0.822210
1.248254	0.010707	0.002271	0.003529	1.013116	0.007106	0.007406	0.003085	0.822256
1.248010	0.010811	0.002065	0.003660	1.013147	0.006615	0.007532	0.002401	0.822266
1.248330	0.011049	0.002861	0.003723	1.012941	0.006635	0.007563	0.002747	0.822322
1.248201	0.010731	0.001982	0.003472	1.012724	0.006805	0.007402	0.002544	0.822213
1.248336	0.010623	0.002552	0.003472	1.013023	0.006627	0.007612	0.002597	0.822274
1.248490	0.010540	0.002584	0.003360	1.013070	0.006982	0.007436	0.004371	0.822128
1.248201	0.010678	0.001937	0.003567	1.013074	0.006837	0.007484	0.002492	0.821979
1.247915	0.011079	0.002877	0.003798	1.013102	0.006520	0.007567	0.002666	0.822154
1.248064	0.010984	0.002103	0.003615	1.013496	0.006841	0.007407	0.002763	0.822093
1.247947	0.010613	0.002327	0.003400	1.013198	0.006501	0.007505	0.002403	0.822044
1.248132	0.010652	0.002720	0.003462	1.013271	0.006876	0.007474	0.003410	0.822168
1.248107	0.010563	0.001840	0.003432	1.013366	0.006931	0.007429	0.002751	0.821861
1.248355	0.010880	0.002747	0.003702	1.013453	0.006600	0.007577	0.002463	0.822179
1.248391	0.011054	0.002367	0.003716	1.013362	0.006839	0.007498	0.002769	0.822061
1.248384	0.010733	0.002067	0.003425	1.013537	0.006546	0.007527	0.002464	0.822070
1.248461	0.010620	0.002835	0.003499	1.013362	0.006742	0.007610	0.002754	0.822031
1.248474	0.010580	0.002005	0.003463	1.013516	0.007087	0.007403	0.003522	0.821828
1.248261	0.010745	0.002451	0.003590	1.013256	0.006549	0.007526	0.002440	0.821891
1.248499	0.011028	0.002701	0.003744	1.013456	0.006760	0.007508	0.002674	0.821992
1.248507	0.010857	0.001847	0.003528	1.013375	0.006709	0.007422	0.002647	0.822043
1.248496	0.010586	0.002758	0.003385	1.013249	0.006508	0.007546	0.002431	0.822047
1.248341	0.010491	0.002339	0.003407	1.013436	0.007012	0.007493	0.003992	0.821917
1.248431	0.010649	0.002088	0.003524	1.013576	0.006646	0.007496	0.002596	0.821964
1.248306	0.010928	0.002825	0.003756	1.013532	0.006625	0.007536	0.002495	0.822067
1.248204	0.011050	0.001933	0.003674	1.013669	0.006850	0.007455	0.002740	0.821954
1.248487	0.010680	0.002560	0.003408	1.013694	0.006486	0.007577	0.002371	0.822107
1.248498	0.010562	0.002639	0.003462	1.013498	0.006947	0.007548	0.002907	0.822050
1.248463	0.010604	0.001834	0.003433	1.013667	0.006829	0.007462	0.003083	0.821941
1.248356	0.010791	0.002809	0.003652	1.013602	0.006439	0.007585	0.002364	0.822118
1.248388	0.011107	0.002263	0.003757	1.013615	0.006944	0.007496	0.002742	0.821941
1.248061	0.010812	0.002105	0.003514	1.013582	0.006519	0.007460	0.002537	0.822051
1.248495	0.010629	0.002800	0.003473	1.013761	0.006777	0.007607	0.002537	0.821982
1.248401	0.010583	0.001930	0.003495	1.013679	0.007003	0.007466	0.004329	0.821801
1.248256	0.010662	0.002500	0.003563	1.013902	0.006624	0.007554	0.002448	0.821961
1.248296	0.011029	0.002664	0.003761	1.013948	0.006864	0.007505	0.002578	0.822028
1.248170	0.010941	0.001807	0.003574	1.013989	0.006726	0.007445	0.002690	0.821828
1.247941	0.010641	0.002799	0.003403	1.013757	0.006534	0.007596	0.002357	0.821950
1.248239	0.010660	0.002314	0.003544	1.014031	0.007034	0.007504	0.003296	0.821815
1.248218	0.010603	0.002077	0.003476	1.013599	0.006671	0.007512	0.002780	0.821961
1.248351	0.010898	0.002868	0.003742	1.013807	0.006660	0.007519	0.002423	0.822055
1.248141	0.011069	0.001969	0.003704	1.013797	0.006742	0.007484	0.002757	0.821881
1.248098	0.010825	0.002489	0.003540	1.013672	0.006476	0.007512	0.002474	0.822026
1.248219	0.010551	0.002730	0.003454	1.014014	0.006697	0.007515	0.002531	0.822004
1.248310	0.010573	0.001812	0.003510	1.013895	0.006943	0.007506	0.003774	0.821861
1.248486	0.010762	0.002816	0.003610	1.013867	0.006610	0.007554	0.002443	0.821880
1.248067	0.011019	0.002347	0.003762	1.014090	0.006919	0.007507	0.002613	0.821703
1.247965	0.010920	0.002022	0.003563	1.014191	0.006577	0.007501	0.002628	0.821724
1.248272	0.010615	0.002831	0.003459	1.013875	0.006541	0.007542	0.002402	0.821836
1.248051	0.010594	0.002043	0.003510	1.014098	0.007185	0.007545	0.003686	0.821604
1.248244	0.010690	0.002325	0.003444	1.013995	0.006754	0.007536	0.002639	0.821858
1.248537	0.010993	0.002785	0.003795	1.014228	0.006806	0.007516	0.002494	0.822009
1.248559	0.011004	0.001775	0.003652	1.014304	0.006745	0.007477	0.002713	0.821784
1.248438	0.010814	0.002707	0.003487	1.013952	0.006475	0.007560	0.002409	0.822042
1.248325	0.010547	0.002511	0.003508	1.014139	0.006968	0.007501	0.002750	0.821764
1.248366	0.010548	0.001967	0.003386	1.013944	0.006724	0.007555	0.003103	0.821745
1.248226	0.010840	0.002819	0.003674	1.013856	0.006620	0.007589	0.002403	0.821898
1.247886	0.011010	0.002162	0.003721	1.014237	0.006836	0.007529	0.002655	0.821848
1.248030	0.010889	0.002238	0.003499	1.014268	0.006559	0.007529	0.002542	0.821836
1.248151	0.010668	0.002811	0.003439	1.014404	0.006793	0.007568	0.002402	0.821974
1.248156	0.010625	0.001901	0.003482	1.014293	0.007161	0.007518	0.004211	0.821877
1.248007	0.010727	0.002554	0.003545	1.014373	0.006707	0.007517	0.002504	0.821810
1.248212	0.011038	0.002626	0.003803	1.014406	0.006903	0.007554	0.002592	0.821983
1.248451	0.011012	0.001820	0.003670	1.014539	0.006718	0.007527	0.002677	0.821860
1.248538	0.010650	0.002778	0.003420	1.014350	0.006482	0.007537	0.002291	0.822023
1.248350	0.010544	0.002429	0.003456	1.014339	0.006909	0.007522	0.002984	0.821785
