#header text header text texty text text
0.359296	0.001280	6.245214E-5	0.000594	0.304623	0.000607	0.000384	0.000669	0.178316
0.359274	0.001157	5.341362E-5	0.000499	0.304605	0.000648	0.000392	0.000602	0.178330
0.359285	0.001166	6.561477E-5	0.000511	0.304588	0.000671	0.000443	0.000672	0.178298
0.359215	0.001156	5.541095E-5	0.000501	0.304619	0.000626	0.000405	0.000616	0.178298
0.359218	0.001232	9.341501E-5	0.000519	0.304607	0.000611	0.000430	0.000666	0.178302
0.359245	0.001364	5.243057E-5	0.000624	0.304572	0.000614	0.000441	0.000686	0.178326
0.359230	0.001180	5.493248E-5	0.000531	0.304573	0.000633	0.000383	0.000629	0.178318
0.359231	0.001158	6.045235E-5	0.000461	0.304557	0.000671	0.000411	0.000616	0.178301
0.359244	0.001155	4.014813E-5	0.000684	0.304547	0.000629	0.000441	0.000588	0.178306
0.359241	0.001178	5.466243E-5	0.000498	0.304570	0.000640	0.000427	0.000637	0.178329
0.359202	0.001371	6.653600E-5	0.000587	0.304591	0.000583	0.000449	0.000675	0.178315
0.359222	0.001206	7.744128E-5	0.000579	0.304561	0.000643	0.000408	0.000656	0.178337
0.359192	0.001182	6.561195E-5	0.000466	0.304549	0.000651	0.000415	0.000615	0.178336
0.359181	0.001167	8.619262E-5	0.000659	0.304529	0.000652	0.000420	0.000648	0.178345
0.359193	0.001172	6.908384E-5	0.000465	0.304544	0.000610	0.000416	0.000642	0.178341
0.359207	0.001312	8.226701E-5	0.000557	0.304578	0.000617	0.000410	0.000686	0.178352
0.359207	0.001261	8.302812E-5	0.000585	0.304538	0.000656	0.000394	0.000655	0.178314
0.359191	0.001129	7.234380E-5	0.000503	0.304522	0.000664	0.000401	0.000612	0.178341
0.359146	0.001175	6.741159E-5	0.000518	0.304493	0.000681	0.000417	0.000647	0.178335
0.359197	0.001176	5.740928E-5	0.000508	0.304507	0.000633	0.000407	0.000631	0.178313
0.359195	0.001215	7.754440E-5	0.000527	0.304476	0.000613	0.000402	0.000656	0.178316
0.359157	0.001339	5.769605E-5	0.000582	0.304476	0.000636	0.000441	0.000660	0.178331
0.359169	0.001166	7.494252E-5	0.000560	0.304496	0.000643	0.000411	0.000630	0.178332
0.359199	0.001179	5.714572E-5	0.000478	0.304521	0.000691	0.000422	0.000636	0.178322
0.359206	0.001191	6.057780E-5	0.000600	0.304534	0.000639	0.000418	0.000641	0.178391
0.359164	0.001164	4.646766E-5	0.000497	0.304527	0.000631	0.000414	0.000643	0.178369
0.359200	0.001367	7.409733E-5	0.000602	0.304510	0.000632	0.000412	0.000689	0.178340
0.359144	0.001230	6.833248E-5	0.000565	0.304515	0.000643	0.000400	0.000652	0.178355
0.359163	0.001152	7.312197E-5	0.000472	0.304505	0.000675	0.000433	0.000629	0.178347
0.359152	0.001174	3.998157E-5	0.000635	0.304497	0.000622	0.000433	0.000642	0.178341
0.359189	0.001152	6.754648E-5	0.000469	0.304473	0.000600	0.000411	0.000613	0.178353
0.359185	0.001314	6.141648E-5	0.000561	0.304504	0.000633	0.000431	0.000681	0.178339
0.359203	0.001311	8.502227E-5	0.000586	0.304502	0.000655	0.000415	0.000659	0.178350
0.359201	0.001145	5.973134E-5	0.000499	0.304506	0.000651	0.000433	0.000630	0.178344
0.359198	0.001200	9.362723E-5	0.000500	0.304492	0.000668	0.000441	0.000668	0.178379
0.359175	0.001168	6.509187E-5	0.000531	0.304473	0.000612	0.000407	0.000624	0.178353
0.359156	0.001221	7.599416E-5	0.000525	0.304497	0.000622	0.000405	0.000669	0.178342
0.359170	0.001379	8.636457E-5	0.000604	0.304494	0.000617	0.000433	0.000687	0.178324
0.359153	0.001186	6.142375E-5	0.000577	0.304488	0.000669	0.000417	0.000637	0.178339
0.359187	0.001190	6.784567E-5	0.000479	0.304501	0.000662	0.000425	0.000621	0.178336
0.359182	0.001167	6.621710E-5	0.000643	0.304490	0.000644	0.000420	0.000616	0.178354
0.359169	0.001181	5.278116E-5	0.000509	0.304525	0.000621	0.000432	0.000661	0.178379
0.359188	0.001354	8.522887E-5	0.000572	0.304532	0.000639	0.000431	0.000668	0.178388
0.359207	0.001212	7.010095E-5	0.000566	0.304536	0.000634	0.000423	0.000652	0.178366
0.359205	0.001182	8.430143E-5	0.000505	0.304502	0.000671	0.000440	0.000645	0.178371
0.359181	0.001158	4.968810E-5	0.000668	0.304499	0.000650	0.000434	0.000651	0.178363
0.359188	0.001196	5.262877E-5	0.000474	0.304479	0.000618	0.000419	0.000641	0.178388
0.359184	0.001312	7.740955E-5	0.000561	0.304513	0.000627	0.000414	0.000691	0.178406
0.359185	0.001297	6.504928E-5	0.000596	0.304497	0.000629	0.000412	0.000663	0.178388
0.359188	0.001152	5.312894E-5	0.000536	0.304494	0.000651	0.000409	0.000620	0.178379
0.359167	0.001192	7.106207E-5	0.000490	0.304522	0.000656	0.000435	0.000701	0.178351
0.359194	0.001182	6.596124E-5	0.000492	0.304513	0.000630	0.000415	0.000631	0.178343
0.359206	0.001226	3.523187E-5	0.000521	0.304529	0.000632	0.000417	0.000650	0.178374
0.359187	0.001368	9.923104E-5	0.000586	0.304495	0.000617	0.000425	0.000686	0.178343
0.359200	0.001188	7.284653E-5	0.000540	0.304498	0.000661	0.000397	0.000614	0.178393
0.359196	0.001167	7.047794E-5	0.000502	0.304524	0.000637	0.000424	0.000636	0.178382
0.359176	0.001195	5.816599E-5	0.000627	0.304515	0.000610	0.000431	0.000630	0.178396
0.359202	0.001174	8.760624E-5	0.000451	0.304516	0.000596	0.000412	0.000620	0.178379
0.359191	0.001361	7.328042E-5	0.000592	0.304498	0.000596	0.000427	0.000663	0.178396
0.359181	0.001205	4.435509E-5	0.000573	0.304511	0.000642	0.000420	0.000644	0.178392
0.359180	0.001148	6.144606E-5	0.000482	0.304548	0.000672	0.000393	0.000601	0.178375
0.359209	0.001181	5.066727E-5	0.000572	0.304490	0.000637	0.000418	0.000642	0.178391
0.359191	0.001176	5.606124E-5	0.000449	0.304507	0.000638	0.000431	0.000604	0.178388
0.359206	0.001276	7.459165E-5	0.000543	0.304513	0.000635	0.000431	0.000676	0.178386
0.359152	0.001306	5.615642E-5	0.000601	0.304504	0.000632	0.000436	0.000640	0.178404
0.359130	0.001167	7.481715E-5	0.000516	0.304534	0.000677	0.000396	0.000590	0.178432
0.359179	0.001161	7.236052E-5	0.000475	0.304535	0.000666	0.000430	0.000649	0.178425
0.359203	0.001167	5.855937E-5	0.000507	0.304535	0.000615	0.000393	0.000611	0.178372
0.359162	0.001200	6.432073E-5	0.000499	0.304517	0.000611	0.000429	0.000652	0.178371
0.359179	0.001384	6.544434E-5	0.000588	0.304489	0.000614	0.000437	0.000683	0.178377
0.359197	0.001196	6.486335E-5	0.000561	0.304544	0.000660	0.000412	0.000613	0.178361
0.359202	0.001163	8.882770E-5	0.000464	0.304523	0.000661	0.000415	0.000660	0.178389
0.359189	0.001152	5.317798E-5	0.000675	0.304513	0.000612	0.000420	0.000600	0.178368
0.359191	0.001165	7.654791E-5	0.000472	0.304519	0.000623	0.000398	0.000632	0.178411
0.359192	0.001328	8.415507E-5	0.000576	0.304516	0.000614	0.000438	0.000688	0.178383
0.359224	0.001242	6.380000E-5	0.000578	0.304524	0.000655	0.000394	0.000657	0.178416
0.359218	0.001147	7.530723E-5	0.000506	0.304532	0.000668	0.000395	0.000619	0.178409
0.359174	0.001185	7.106674E-5	0.000577	0.304552	0.000648	0.000429	0.000657	0.178407
0.359189	0.001170	6.633252E-5	0.000459	0.304525	0.000637	0.000411	0.000616	0.178395
