#header text header text texty text text
0.376189	0.001333	8.456944E-5	0.000568	0.341403	0.000751	0.000452	0.000694	0.187936
0.376176	0.001503	9.151440E-5	0.000663	0.341416	0.000784	0.000410	0.000707	0.187910
0.376141	0.001354	6.584406E-5	0.000649	0.341391	0.000742	0.000407	0.000685	0.187946
0.376175	0.001309	8.554623E-5	0.000576	0.341398	0.000697	0.000446	0.000716	0.187942
0.376203	0.001321	7.119546E-5	0.000694	0.341419	0.000733	0.000414	0.000741	0.187949
0.376208	0.001296	0.000108	0.000506	0.341396	0.000737	0.000455	0.000691	0.187927
0.376208	0.001446	7.945450E-5	0.000622	0.341424	0.000780	0.000429	0.000723	0.187949
0.376208	0.001443	7.748991E-5	0.000694	0.341393	0.000748	0.000394	0.000657	0.187935
0.376235	0.001276	7.640221E-5	0.000577	0.341414	0.000731	0.000421	0.000689	0.187916
0.376186	0.001288	6.748556E-5	0.000549	0.341463	0.000681	0.000399	0.000745	0.187932
0.376175	0.001297	7.971471E-5	0.000527	0.341416	0.000667	0.000414	0.000727	0.187934
0.376217	0.001374	8.770455E-5	0.000535	0.341385	0.000728	0.000444	0.000693	0.187919
0.376207	0.001536	6.522231E-5	0.000648	0.341365	0.000751	0.000411	0.000747	0.187902
0.376198	0.001333	8.721322E-5	0.000583	0.341399	0.000709	0.000417	0.000687	0.187934
0.376232	0.001311	6.661764E-5	0.000492	0.341386	0.000705	0.000457	0.000731	0.187937
0.376192	0.001299	9.125403E-5	0.000602	0.341374	0.000675	0.000415	0.000743	0.187968
0.376218	0.001317	6.293374E-5	0.000533	0.341490	0.000718	0.000423	0.000690	0.187919
0.376194	0.001513	5.631778E-5	0.000626	0.341476	0.000730	0.000418	0.000714	0.187967
0.376222	0.001382	8.022767E-5	0.000648	0.341485	0.000701	0.000407	0.000678	0.187939
0.376206	0.001312	9.701107E-5	0.000579	0.341481	0.000694	0.000423	0.000715	0.187950
0.376217	0.001338	9.122251E-5	0.000634	0.341461	0.000729	0.000404	0.000764	0.187951
0.376197	0.001273	8.237316E-5	0.000553	0.341489	0.000752	0.000401	0.000742	0.187926
0.376195	0.001394	7.077869E-5	0.000563	0.341500	0.000753	0.000417	0.000688	0.187938
0.376185	0.001508	8.550805E-5	0.000621	0.341445	0.000726	0.000420	0.000721	0.187930
0.376155	0.001334	9.481176E-5	0.000555	0.341427	0.000689	0.000409	0.000689	0.187949
0.376212	0.001322	5.311194E-5	0.000598	0.341487	0.000717	0.000420	0.000752	0.187935
0.376195	0.001309	7.660020E-5	0.000585	0.341491	0.000684	0.000427	0.000729	0.187931
0.376205	0.001342	0.000102	0.000588	0.341438	0.000749	0.000443	0.000680	0.187940
0.376213	0.001542	6.250285E-5	0.000671	0.341520	0.000734	0.000395	0.000721	0.187937
0.376213	0.001341	7.085682E-5	0.000596	0.341480	0.000690	0.000430	0.000715	0.187972
0.376196	0.001284	7.373639E-5	0.000552	0.341402	0.000733	0.000437	0.000742	0.187955
0.376191	0.001321	7.184209E-5	0.000708	0.341459	0.000650	0.000432	0.000753	0.187947
0.376180	0.001277	8.923000E-5	0.000545	0.341460	0.000773	0.000451	0.000702	0.187949
0.376174	0.001452	8.476450E-5	0.000633	0.341497	0.000777	0.000424	0.000748	0.187946
0.376185	0.001414	8.196857E-5	0.000665	0.341496	0.000715	0.000402	0.000697	0.187927
0.376205	0.001317	7.816566E-5	0.000535	0.341415	0.000709	0.000428	0.000718	0.187935
0.376215	0.001327	8.206874E-5	0.000624	0.341505	0.000728	0.000449	0.000759	0.187965
0.376191	0.001252	7.827596E-5	0.000480	0.341445	0.000716	0.000416	0.000722	0.187953
0.376183	0.001382	7.906239E-5	0.000582	0.341437	0.000731	0.000444	0.000687	0.187920
0.376213	0.001543	8.685095E-5	0.000697	0.341474	0.000764	0.000420	0.000741	0.187926
0.376258	0.001256	8.582403E-5	0.000600	0.341539	0.000739	0.000431	0.000700	0.187941
0.376251	0.001314	6.908216E-5	0.000562	0.341436	0.000698	0.000411	0.000765	0.187927
0.376215	0.001320	0.000107	0.000544	0.341420	0.000725	0.000428	0.000740	0.187965
0.376239	0.001321	7.410037E-5	0.000540	0.341427	0.000747	0.000467	0.000701	0.187941
0.376234	0.001548	7.882668E-5	0.000608	0.341463	0.000764	0.000412	0.000744	0.187944
0.376233	0.001367	7.672226E-5	0.000605	0.341480	0.000726	0.000419	0.000639	0.187919
0.376211	0.001302	6.953188E-5	0.000509	0.341446	0.000692	0.000418	0.000747	0.187930
0.376255	0.001346	8.530286E-5	0.000642	0.341541	0.000679	0.000441	0.000747	0.187911
0.376267	0.001309	8.319282E-5	0.000543	0.341567	0.000743	0.000435	0.000704	0.187938
0.376219	0.001438	7.059380E-5	0.000641	0.341501	0.000786	0.000431	0.000731	0.187937
0.376207	0.001456	8.650471E-5	0.000684	0.341476	0.000767	0.000438	0.000680	0.187928
0.376242	0.001271	7.204624E-5	0.000561	0.341509	0.000727	0.000440	0.000727	0.187957
0.376206	0.001329	6.945155E-5	0.000594	0.341532	0.000735	0.000422	0.000754	0.187978
0.376222	0.001302	9.406429E-5	0.000530	0.341482	0.000726	0.000433	0.000702	0.187948
0.376226	0.001330	5.457782E-5	0.000571	0.341575	0.000744	0.000434	0.000708	0.187936
0.376243	0.001550	8.502881E-5	0.000699	0.341470	0.000740	0.000412	0.000721	0.187937
0.376252	0.001299	6.931031E-5	0.000587	0.341542	0.000668	0.000440	0.000702	0.187951
0.376276	0.001298	6.506996E-5	0.000554	0.341544	0.000702	0.000416	0.000749	0.187965
0.376298	0.001335	6.856994E-5	0.000647	0.341485	0.000659	0.000406	0.000735	0.187938
0.376233	0.001291	7.636099E-5	0.000552	0.341589	0.000790	0.000440	0.000703	0.187950
0.376263	0.001511	5.815326E-5	0.000683	0.341536	0.000749	0.000418	0.000735	0.187971
0.376272	0.001360	8.787918E-5	0.000591	0.341539	0.000685	0.000449	0.000664	0.187972
0.376260	0.001283	7.540551E-5	0.000564	0.341593	0.000705	0.000457	0.000735	0.187985
0.376265	0.001281	8.531319E-5	0.000658	0.341479	0.000697	0.000418	0.000756	0.187938
0.376265	0.001298	8.590800E-5	0.000490	0.341579	0.000694	0.000436	0.000690	0.187973
0.376297	0.001426	7.726658E-5	0.000624	0.341546	0.000767	0.000415	0.000734	0.187964
0.376288	0.001500	8.676152E-5	0.000666	0.341627	0.000724	0.000418	0.000690	0.187976
0.376291	0.001310	8.243302E-5	0.000581	0.341543	0.000751	0.000440	0.000709	0.187950
0.376292	0.001315	3.395713E-5	0.000516	0.341510	0.000685	0.000410	0.000751	0.187945
0.376325	0.001295	6.833662E-5	0.000623	0.341595	0.000707	0.000444	0.000729	0.187948
0.376324	0.001343	4.955344E-5	0.000564	0.341535	0.000812	0.000428	0.000686	0.187948
0.376277	0.001545	7.578469E-5	0.000615	0.341514	0.000725	0.000432	0.000673	0.187953
0.376313	0.001346	9.286938E-5	0.000596	0.341577	0.000684	0.000440	0.000682	0.187945
0.376297	0.001337	7.722943E-5	0.000579	0.341588	0.000716	0.000430	0.000754	0.187977
0.376288	0.001298	8.328197E-5	0.000648	0.341538	0.000700	0.000425	0.000733	0.187938
0.376282	0.001293	7.418617E-5	0.000513	0.341582	0.000714	0.000421	0.000700	0.187953
0.376293	0.001490	7.211677E-5	0.000663	0.341585	0.000737	0.000409	0.000702	0.187973
0.376302	0.001425	7.909489E-5	0.000612	0.341553	0.000717	0.000435	0.000697	0.187934
0.376293	0.001295	5.576062E-5	0.000556	0.341644	0.000688	0.000431	0.000735	0.187935
