#header text header text texty text text
0.384663	0.001335	7.999182E-5	0.000611	0.341610	0.000768	0.000434	0.000675	0.194180
0.384688	0.001322	9.341014E-5	0.000498	0.341582	0.000746	0.000452	0.000726	0.194190
0.384694	0.001401	6.020940E-5	0.000614	0.341574	0.000742	0.000453	0.000684	0.194193
0.384668	0.001530	7.990086E-5	0.000657	0.341557	0.000736	0.000466	0.000764	0.194175
0.384653	0.001336	0.000105	0.000567	0.341563	0.000718	0.000403	0.000750	0.194191
0.384673	0.001337	6.129912E-5	0.000594	0.341534	0.000774	0.000414	0.000703	0.194193
0.384688	0.001310	7.641343E-5	0.000561	0.341538	0.000767	0.000427	0.000764	0.194144
0.384658	0.001342	7.676744E-5	0.000540	0.341593	0.000711	0.000426	0.000697	0.194184
0.384669	0.001536	7.337222E-5	0.000640	0.341562	0.000694	0.000407	0.000755	0.194177
0.384685	0.001388	8.694525E-5	0.000631	0.341559	0.000742	0.000416	0.000767	0.194177
0.384696	0.001323	7.764438E-5	0.000515	0.341585	0.000744	0.000434	0.000719	0.194159
0.384718	0.001367	8.335862E-5	0.000777	0.341596	0.000771	0.000448	0.000741	0.194158
0.384711	0.001320	6.984246E-5	0.000497	0.341571	0.000747	0.000462	0.000711	0.194184
0.384731	0.001486	7.334088E-5	0.000617	0.341561	0.000717	0.000421	0.000729	0.194196
0.384719	0.001452	7.281881E-5	0.000634	0.341568	0.000718	0.000450	0.000774	0.194165
0.384698	0.001294	8.108420E-5	0.000553	0.341575	0.000745	0.000393	0.000750	0.194177
0.384711	0.001368	7.774753E-5	0.000613	0.341591	0.000817	0.000441	0.000684	0.194170
0.384726	0.001340	7.838367E-5	0.000611	0.341615	0.000785	0.000423	0.000770	0.194152
0.384715	0.001372	8.412924E-5	0.000562	0.341628	0.000726	0.000427	0.000736	0.194193
0.384706	0.001563	8.447981E-5	0.000661	0.341624	0.000721	0.000429	0.000770	0.194152
0.384708	0.001326	6.406383E-5	0.000587	0.341639	0.000717	0.000419	0.000764	0.194183
0.384712	0.001324	8.195649E-5	0.000501	0.341576	0.000750	0.000419	0.000720	0.194204
0.384722	0.001350	6.632648E-5	0.000670	0.341605	0.000786	0.000438	0.000770	0.194186
0.384722	0.001309	6.635221E-5	0.000555	0.341634	0.000725	0.000411	0.000653	0.194141
0.384728	0.001522	6.252367E-5	0.000634	0.341646	0.000714	0.000424	0.000733	0.194206
0.384738	0.001394	6.721326E-5	0.000641	0.341590	0.000672	0.000417	0.000775	0.194139
0.384740	0.001315	7.675715E-5	0.000549	0.341630	0.000729	0.000402	0.000723	0.194176
0.384715	0.001294	7.760598E-5	0.000737	0.341661	0.000779	0.000434	0.000705	0.194154
0.384736	0.001339	7.238439E-5	0.000559	0.341679	0.000759	0.000417	0.000726	0.194156
0.384727	0.001435	8.867912E-5	0.000605	0.341663	0.000702	0.000429	0.000698	0.194182
0.384725	0.001483	6.807686E-5	0.000626	0.341621	0.000748	0.000440	0.000763	0.194204
0.384749	0.001343	8.935106E-5	0.000558	0.341657	0.000711	0.000411	0.000734	0.194164
0.384724	0.001308	7.453929E-5	0.000509	0.341660	0.000780	0.000427	0.000671	0.194178
0.384722	0.001290	6.797047E-5	0.000511	0.341653	0.000712	0.000448	0.000730	0.194200
0.384729	0.001352	7.849964E-5	0.000544	0.341652	0.000688	0.000438	0.000702	0.194180
0.384717	0.001559	7.957498E-5	0.000643	0.341629	0.000700	0.000435	0.000755	0.194181
0.384717	0.001350	7.277111E-5	0.000614	0.341642	0.000740	0.000427	0.000750	0.194179
0.384726	0.001309	5.953983E-5	0.000499	0.341622	0.000762	0.000440	0.000687	0.194163
0.384738	0.001323	7.045613E-5	0.000712	0.341659	0.000777	0.000416	0.000710	0.194163
0.384754	0.001315	8.276084E-5	0.000537	0.341631	0.000748	0.000421	0.000697	0.194179
0.384710	0.001523	7.815518E-5	0.000629	0.341690	0.000735	0.000435	0.000724	0.194186
0.384720	0.001422	9.187339E-5	0.000637	0.341699	0.000739	0.000421	0.000756	0.194169
0.384767	0.001312	8.167087E-5	0.000530	0.341692	0.000731	0.000411	0.000708	0.194154
0.384752	0.001303	0.000100	0.000660	0.341663	0.000800	0.000413	0.000677	0.194166
0.384724	0.001314	7.211110E-5	0.000506	0.341684	0.000720	0.000412	0.000761	0.194187
0.384738	0.001396	6.670586E-5	0.000586	0.341724	0.000693	0.000404	0.000702	0.194164
0.384729	0.001494	9.561971E-5	0.000633	0.341716	0.000692	0.000447	0.000769	0.194178
0.384725	0.001331	9.327864E-5	0.000574	0.341690	0.000741	0.000391	0.000736	0.194188
0.384737	0.001318	9.170632E-5	0.000507	0.341720	0.000757	0.000396	0.000674	0.194179
0.384779	0.001332	8.398498E-5	0.000627	0.341730	0.000749	0.000442	0.000764	0.194158
0.384742	0.001337	7.028519E-5	0.000558	0.341716	0.000731	0.000424	0.000713	0.194191
0.384737	0.001583	9.386447E-5	0.000647	0.341716	0.000716	0.000421	0.000762	0.194168
0.384739	0.001367	5.628976E-5	0.000600	0.341688	0.000738	0.000398	0.000753	0.194194
0.384765	0.001305	7.917252E-5	0.000513	0.341708	0.000771	0.000424	0.000707	0.194135
0.384766	0.001363	8.058169E-5	0.000754	0.341716	0.000794	0.000431	0.000711	0.194168
0.384742	0.001327	9.528394E-5	0.000508	0.341710	0.000720	0.000397	0.000648	0.194150
0.384746	0.001499	0.000113	0.000603	0.341732	0.000720	0.000419	0.000753	0.194173
0.384763	0.001444	5.822784E-5	0.000646	0.341754	0.000720	0.000420	0.000758	0.194195
0.384765	0.001302	5.549061E-5	0.000548	0.341714	0.000782	0.000404	0.000712	0.194172
0.384745	0.001322	0.000112	0.000629	0.341753	0.000769	0.000425	0.000699	0.194171
0.384759	0.001306	7.458095E-5	0.000584	0.341787	0.000712	0.000447	0.000739	0.194178
0.384761	0.001370	6.141984E-5	0.000569	0.341765	0.000716	0.000401	0.000701	0.194159
0.384758	0.001551	7.600189E-5	0.000678	0.341757	0.000708	0.000426	0.000767	0.194169
0.384753	0.001331	6.287851E-5	0.000590	0.341766	0.000759	0.000441	0.000731	0.194191
0.384730	0.001332	8.213495E-5	0.000521	0.341756	0.000741	0.000421	0.000688	0.194183
0.384724	0.001325	7.605017E-5	0.000588	0.341695	0.000768	0.000411	0.000811	0.194174
0.384725	0.001347	7.229659E-5	0.000551	0.341720	0.000741	0.000399	0.000729	0.194158
0.384719	0.001569	7.272627E-5	0.000639	0.341795	0.000732	0.000449	0.000760	0.194205
0.384741	0.001383	5.488926E-5	0.000639	0.341766	0.000723	0.000392	0.000762	0.194182
0.384750	0.001334	8.510230E-5	0.000537	0.341720	0.000805	0.000405	0.000714	0.194172
0.384735	0.001329	8.923169E-5	0.000702	0.341783	0.000757	0.000427	0.000776	0.194188
0.384716	0.001326	6.135341E-5	0.000546	0.341752	0.000752	0.000394	0.000667	0.194181
0.384744	0.001467	8.441571E-5	0.000604	0.341765	0.000695	0.000439	0.000739	0.194173
0.384724	0.001470	6.900664E-5	0.000635	0.341764	0.000734	0.000437	0.000765	0.194179
0.384728	0.001312	7.630187E-5	0.000566	0.341771	0.000753	0.000417	0.000736	0.194179
0.384725	0.001319	9.099328E-5	0.000564	0.341750	0.000765	0.000409	0.000685	0.194202
0.384739	0.001323	6.103519E-5	0.000588	0.341825	0.000743	0.000439	0.000725	0.194174
0.384734	0.001359	9.345243E-5	0.000557	0.341788	0.000724	0.000393	0.000710	0.194197
0.384760	0.001561	7.067016E-5	0.000648	0.341814	0.000700	0.000450	0.000765	0.194179
