#header text header text texty text text
1.277950	0.011055	0.002221	0.003890	1.000517	0.006533	0.007197	0.002485	0.772986
1.278083	0.011221	0.002666	0.003831	1.000692	0.006212	0.007431	0.002740	0.772964
1.278259	0.011005	0.002341	0.003582	1.000708	0.006405	0.007309	0.002644	0.772883
1.278066	0.010796	0.002339	0.003664	1.000830	0.006148	0.007365	0.002590	0.772951
1.278129	0.010736	0.002727	0.003516	1.001142	0.006650	0.007309	0.004280	0.772929
1.277752	0.010910	0.002128	0.003742	1.001260	0.006469	0.007259	0.002612	0.772791
1.278087	0.011223	0.002755	0.004011	1.001408	0.006342	0.007399	0.002620	0.772848
1.278110	0.011084	0.002252	0.003671	1.001133	0.006412	0.007352	0.002782	0.772718
1.278229	0.010793	0.002496	0.003559	1.001358	0.006167	0.007364	0.002523	0.772742
1.278051	0.010708	0.002684	0.003603	1.001427	0.006541	0.007349	0.003098	0.772736
1.278319	0.010872	0.002167	0.003602	1.001634	0.006496	0.007293	0.003097	0.772724
1.278258	0.011088	0.002786	0.003821	1.001775	0.006475	0.007375	0.002505	0.772858
1.278342	0.011188	0.002219	0.003814	1.001487	0.006414	0.007338	0.002778	0.772783
1.278249	0.010891	0.002604	0.003619	1.001690	0.006160	0.007271	0.002584	0.772841
1.278640	0.010727	0.002531	0.003528	1.001960	0.006556	0.007257	0.002585	0.772829
1.278417	0.010825	0.002192	0.003631	1.001882	0.006369	0.007273	0.003977	0.772895
1.278290	0.010932	0.002734	0.003808	1.001654	0.006509	0.007252	0.002437	0.772857
1.278495	0.011155	0.002183	0.003803	1.002104	0.006420	0.007219	0.002653	0.772764
1.278141	0.011014	0.002744	0.003680	1.001947	0.006171	0.007311	0.002702	0.772883
1.278425	0.010764	0.002409	0.003539	1.001635	0.006532	0.007234	0.002558	0.772822
1.278405	0.010726	0.002382	0.003499	1.001872	0.006317	0.007339	0.003639	0.772934
1.278361	0.010857	0.002627	0.003683	1.001993	0.006699	0.007314	0.002800	0.772796
1.278533	0.011201	0.002156	0.003951	1.001796	0.006326	0.007350	0.002593	0.772646
1.278047	0.011158	0.002821	0.003690	1.001871	0.006311	0.007406	0.002776	0.772691
1.278040	0.010822	0.002203	0.003580	1.002109	0.006402	0.007271	0.002487	0.772606
1.278384	0.010812	0.002557	0.003695	1.002015	0.006242	0.007431	0.002928	0.772762
1.278231	0.010871	0.002479	0.003645	1.002314	0.006729	0.007279	0.003464	0.772656
1.278036	0.011059	0.002235	0.003890	1.002052	0.006381	0.007227	0.002565	0.772724
1.278143	0.011213	0.002789	0.003809	1.002023	0.006415	0.007458	0.002750	0.772785
1.277756	0.010939	0.002131	0.003577	1.002289	0.006420	0.007167	0.002648	0.772783
1.277834	0.010747	0.002604	0.003582	1.001881	0.006302	0.007410	0.002630	0.772693
1.278453	0.010773	0.002487	0.003630	1.001957	0.006647	0.007237	0.004165	0.772563
1.278229	0.010960	0.002312	0.003832	1.002068	0.006321	0.007271	0.002677	0.772608
1.278640	0.011236	0.002750	0.003862	1.002335	0.006501	0.007375	0.002608	0.772692
1.278410	0.011054	0.002073	0.003553	1.002149	0.006339	0.007217	0.002751	0.772636
1.278048	0.010806	0.002748	0.003491	1.002052	0.006316	0.007272	0.002483	0.772723
1.278201	0.010787	0.002337	0.003599	1.002172	0.006653	0.007258	0.003060	0.772604
1.278270	0.010808	0.002497	0.003596	1.001762	0.006387	0.007256	0.002931	0.772784
1.278422	0.011113	0.002557	0.003885	1.001933	0.006619	0.007287	0.002454	0.772602
1.278447	0.011180	0.002105	0.003760	1.001924	0.006271	0.007365	0.002791	0.772685
1.278025	0.010864	0.002798	0.003471	1.001833	0.006337	0.007229	0.002526	0.772712
1.278147	0.010744	0.002191	0.003617	1.001970	0.006468	0.007255	0.002672	0.772624
1.278113	0.010853	0.002695	0.003627	1.002051	0.006387	0.007378	0.003815	0.772712
1.278217	0.010968	0.002493	0.003834	1.002342	0.006663	0.007238	0.002571	0.772376
1.278515	0.011223	0.002180	0.003932	1.002096	0.006219	0.007385	0.002714	0.772365
1.278298	0.011014	0.002775	0.003633	1.002057	0.006455	0.007323	0.002762	0.772608
1.278334	0.010776	0.002156	0.003624	1.002173	0.006400	0.007297	0.002540	0.772495
1.278348	0.010833	0.002718	0.003616	1.001907	0.006343	0.007314	0.003714	0.772555
1.278387	0.010852	0.002334	0.003749	1.001876	0.006560	0.007160	0.002666	0.772399
1.278245	0.011234	0.002304	0.003910	1.002332	0.006223	0.007264	0.002516	0.772334
1.278514	0.011144	0.002733	0.003712	1.002154	0.006441	0.007300	0.002763	0.772469
1.278505	0.010887	0.002132	0.003578	1.002391	0.006342	0.007159	0.002537	0.772396
1.278437	0.010829	0.002780	0.003538	1.002221	0.006344	0.007422	0.002907	0.772499
1.278463	0.010835	0.002238	0.003615	1.002103	0.006711	0.007247	0.003275	0.772509
1.278509	0.010980	0.002461	0.003799	1.002307	0.006237	0.007294	0.002483	0.772575
1.278550	0.011252	0.002715	0.003873	1.002238	0.006471	0.007260	0.002714	0.772441
1.278627	0.010953	0.002131	0.003561	1.002185	0.006227	0.007306	0.002641	0.772447
1.278897	0.010866	0.002777	0.003637	1.002229	0.006374	0.007362	0.002658	0.772446
1.278506	0.010728	0.002240	0.003521	1.002102	0.006604	0.007354	0.004156	0.772515
1.278831	0.010895	0.002609	0.003752	1.002051	0.006327	0.007326	0.002638	0.772517
1.278850	0.011253	0.002611	0.003998	1.002183	0.006503	0.007299	0.002647	0.772479
1.278438	0.011010	0.002159	0.003667	1.001983	0.006203	0.007239	0.002701	0.772559
1.278659	0.010843	0.002771	0.003635	1.002095	0.006404	0.007362	0.002538	0.772595
1.278442	0.010736	0.002119	0.003567	1.001903	0.006551	0.007339	0.003215	0.772428
1.278524	0.010877	0.002716	0.003639	1.002012	0.006386	0.007384	0.002958	0.772529
1.278728	0.011113	0.002497	0.003900	1.002264	0.006644	0.007240	0.002503	0.772532
1.278702	0.011202	0.002237	0.003809	1.002302	0.006185	0.007333	0.002750	0.772484
1.278587	0.010932	0.002693	0.003536	1.002529	0.006449	0.007309	0.002548	0.772481
1.278552	0.010773	0.002091	0.003617	1.002480	0.006409	0.007265	0.002649	0.772357
1.278402	0.010794	0.002752	0.003537	1.002370	0.006401	0.007289	0.003942	0.772424
1.278673	0.011018	0.002376	0.003728	1.002528	0.006672	0.007180	0.002533	0.772506
1.278392	0.011221	0.002345	0.003901	1.002481	0.006208	0.007349	0.002677	0.772602
1.278438	0.011034	0.002656	0.003685	1.002589	0.006477	0.007199	0.002710	0.772352
1.278459	0.010683	0.002124	0.003561	1.002221	0.006172	0.007357	0.002389	0.772328
1.278296	0.010790	0.002874	0.003537	1.002513	0.006472	0.007346	0.003779	0.772361
1.278211	0.010824	0.002086	0.003660	1.002459	0.006633	0.007188	0.002729	0.772196
1.278326	0.011218	0.002690	0.003985	1.002483	0.006213	0.007344	0.002561	0.772354
1.278445	0.011121	0.002413	0.003637	1.002342	0.006556	0.007207	0.002792	0.772266
1.278272	0.010735	0.002389	0.003471	1.002512	0.006136	0.007253	0.002467	0.772485
