#header text header text texty text text
1.278048	0.010942	0.002663	0.003874	0.998132	0.006237	0.007732	0.001994	0.771833
1.278263	0.011003	0.002169	0.003707	0.998675	0.006726	0.007878	0.002104	0.771787
1.278068	0.010688	0.002693	0.003498	0.998530	0.006353	0.007863	0.002129	0.771752
1.278096	0.010646	0.002315	0.003513	0.998942	0.006377	0.007862	0.002015	0.771761
1.278445	0.010612	0.002420	0.003463	0.998880	0.006369	0.007861	0.002030	0.771739
1.278159	0.010786	0.002607	0.003762	0.998784	0.006236	0.007788	0.002008	0.771769
1.278256	0.011119	0.002219	0.003852	0.998909	0.006653	0.007873	0.002109	0.771620
1.278225	0.010787	0.002705	0.003574	0.998835	0.006325	0.007798	0.002184	0.771693
1.278305	0.010572	0.002230	0.003503	0.998989	0.006511	0.007843	0.002089	0.771555
1.278390	0.010622	0.002476	0.003499	0.999218	0.006318	0.007847	0.002051	0.771573
1.278133	0.010681	0.002584	0.003595	0.998897	0.006203	0.007894	0.002168	0.771582
1.278361	0.011030	0.002275	0.003881	0.999056	0.006704	0.007771	0.002032	0.771593
1.278222	0.010963	0.002725	0.003666	0.999070	0.006390	0.007746	0.002099	0.771630
1.278278	0.010694	0.002151	0.003510	0.999003	0.006574	0.007830	0.002132	0.771541
1.278267	0.010579	0.002541	0.003540	0.999171	0.006316	0.007822	0.002047	0.771591
1.278690	0.010634	0.002568	0.003523	0.999513	0.006241	0.007821	0.002099	0.771634
1.278399	0.010915	0.002301	0.003764	0.999396	0.006547	0.007880	0.002075	0.771615
1.278667	0.010998	0.002652	0.003741	0.999279	0.006332	0.007760	0.002127	0.771682
1.278681	0.010809	0.002149	0.003569	0.999217	0.006623	0.007939	0.002162	0.771639
1.278621	0.010596	0.002492	0.003494	0.999341	0.006345	0.007814	0.002021	0.771635
1.278977	0.010625	0.002574	0.003529	0.999092	0.006247	0.007818	0.002106	0.771673
1.278597	0.010758	0.002280	0.003637	0.999179	0.006537	0.007987	0.002055	0.771479
1.278642	0.011057	0.002646	0.003842	0.999138	0.006269	0.007764	0.002097	0.771508
1.278716	0.010921	0.002192	0.003567	0.999243	0.006687	0.007958	0.002184	0.771460
1.278858	0.010645	0.002544	0.003444	0.999282	0.006393	0.007892	0.002136	0.771529
1.278449	0.010604	0.002569	0.003590	0.999123	0.006203	0.007851	0.001991	0.771503
1.278617	0.010704	0.002283	0.003629	0.999407	0.006469	0.007906	0.002234	0.771373
1.278505	0.010991	0.002637	0.003813	0.999200	0.006139	0.007748	0.002061	0.771521
1.278469	0.011071	0.002184	0.003726	0.999395	0.006698	0.007923	0.002126	0.771394
1.278604	0.010724	0.002561	0.003475	0.999689	0.006424	0.007897	0.002149	0.771427
1.278537	0.010551	0.002452	0.003549	0.999721	0.006356	0.007811	0.001994	0.771477
1.278316	0.010693	0.002380	0.003574	0.999815	0.006443	0.007931	0.002047	0.771426
1.278624	0.010817	0.002625	0.003816	0.999794	0.006225	0.007756	0.001961	0.771363
1.278469	0.011082	0.002210	0.003835	0.999576	0.006746	0.007840	0.002060	0.771189
1.278478	0.010890	0.002614	0.003573	0.999595	0.006420	0.007883	0.002226	0.771411
1.278329	0.010652	0.002385	0.003620	0.999704	0.006342	0.007823	0.002092	0.771267
1.278833	0.010681	0.002287	0.003573	0.999367	0.006446	0.007899	0.002117	0.771303
1.278841	0.010626	0.002641	0.003592	0.999485	0.006151	0.007857	0.002081	0.771380
1.278770	0.011062	0.002245	0.003822	0.999538	0.006639	0.007869	0.002024	0.771267
1.278537	0.010976	0.002562	0.003654	0.999701	0.006470	0.007783	0.002149	0.771242
1.278636	0.010667	0.002303	0.003539	1.000014	0.006443	0.007807	0.002195	0.771429
1.278634	0.010642	0.002380	0.003543	0.999875	0.006359	0.007852	0.002051	0.771276
1.278726	0.010684	0.002662	0.003596	0.999984	0.006148	0.007819	0.002131	0.771346
1.278610	0.010964	0.002292	0.003840	1.000163	0.006563	0.007797	0.001929	0.771296
1.278835	0.011102	0.002608	0.003737	1.000117	0.006378	0.007822	0.002130	0.771230
1.278929	0.010714	0.002237	0.003550	0.999765	0.006577	0.007869	0.002183	0.771190
1.278813	0.010633	0.002477	0.003576	0.999977	0.006433	0.007861	0.002068	0.771069
1.278742	0.010614	0.002558	0.003552	0.999852	0.006161	0.007746	0.002063	0.771264
1.278708	0.010791	0.002263	0.003714	0.999847	0.006604	0.007937	0.002080	0.771209
1.278542	0.011108	0.002594	0.003931	0.999933	0.006278	0.007700	0.002009	0.771240
1.278502	0.010907	0.002290	0.003595	0.999918	0.006597	0.007874	0.002207	0.771286
1.278587	0.010705	0.002483	0.003522	0.999820	0.006441	0.007877	0.002156	0.771254
1.278615	0.010614	0.002564	0.003576	1.000165	0.006188	0.007843	0.001966	0.771181
1.278752	0.010689	0.002272	0.003593	0.999945	0.006540	0.007968	0.002152	0.771111
1.278645	0.010964	0.002573	0.003885	0.999497	0.006249	0.007721	0.001961	0.771296
1.278798	0.010965	0.002282	0.003704	0.999510	0.006665	0.007820	0.002151	0.771221
1.278739	0.010794	0.002508	0.003518	0.999651	0.006511	0.007860	0.002197	0.771156
1.278964	0.010597	0.002557	0.003514	0.999900	0.006156	0.007709	0.002050	0.771152
1.278530	0.010641	0.002184	0.003520	1.000114	0.006504	0.007836	0.002123	0.771108
1.278783	0.010858	0.002600	0.003759	1.000274	0.006263	0.007806	0.002086	0.771005
1.278580	0.011143	0.002357	0.003839	1.000186	0.006504	0.007746	0.002098	0.771049
1.278461	0.010946	0.002422	0.003572	1.000301	0.006480	0.007913	0.002261	0.771139
1.278506	0.010635	0.002524	0.003586	1.000302	0.006251	0.007715	0.002086	0.771163
1.278658	0.010723	0.002248	0.003544	1.000106	0.006465	0.007849	0.002037	0.771047
1.278422	0.010742	0.002664	0.003609	1.000191	0.006141	0.007724	0.002197	0.771104
1.278553	0.011022	0.002302	0.003849	1.000271	0.006539	0.007790	0.001990	0.770948
1.278422	0.011020	0.002451	0.003652	1.000271	0.006534	0.007831	0.002230	0.771039
1.278709	0.010662	0.002505	0.003531	1.000459	0.006311	0.007811	0.002179	0.771026
1.278749	0.010630	0.002281	0.003581	1.000514	0.006530	0.007793	0.002032	0.770998
1.278800	0.010705	0.002617	0.003630	1.000450	0.006183	0.007899	0.002241	0.771025
1.278630	0.010940	0.002243	0.003813	1.000398	0.006498	0.007821	0.001964	0.770986
1.278656	0.011157	0.002444	0.003821	1.000322	0.006491	0.007736	0.002154	0.770921
1.278702	0.010828	0.002449	0.003563	1.000298	0.006398	0.007786	0.002209	0.770959
1.278903	0.010688	0.002392	0.003597	1.000518	0.006614	0.007794	0.002117	0.770921
1.278655	0.010622	0.002650	0.003572	1.000444	0.006141	0.007801	0.002083	0.770999
1.278607	0.010743	0.002228	0.003746	1.000603	0.006566	0.007823	0.002116	0.771009
1.278703	0.011085	0.002482	0.003867	1.000639	0.006505	0.007718	0.002054	0.770965
1.278873	0.010927	0.002339	0.003576	1.000485	0.006506	0.007794	0.002231	0.770888
1.278540	0.010661	0.002404	0.003524	1.000680	0.006556	0.007830	0.002205	0.770794
