#header text header text texty text text
1.278412	0.010644	0.002444	0.003466	1.021224	0.006037	0.007654	0.002033	0.758480
1.278411	0.010888	0.002702	0.003791	1.021439	0.006069	0.007592	0.002116	0.758525
1.278273	0.011118	0.002174	0.003780	1.021027	0.006556	0.007582	0.002137	0.758451
1.278155	0.010719	0.002743	0.003459	1.021470	0.006263	0.007638	0.002084	0.758536
1.277951	0.010590	0.002261	0.003555	1.021239	0.006446	0.007595	0.002025	0.758478
1.277964	0.010587	0.002454	0.003504	1.021402	0.006274	0.007659	0.002144	0.758552
1.278347	0.010723	0.002669	0.003699	1.021416	0.006116	0.007636	0.002110	0.758425
1.278347	0.011004	0.002216	0.003837	1.021616	0.006517	0.007669	0.002136	0.758228
1.278424	0.010961	0.002786	0.003595	1.021885	0.006090	0.007581	0.002126	0.758385
1.278305	0.010597	0.002207	0.003493	1.021355	0.006583	0.007641	0.002035	0.758357
1.278211	0.010606	0.002573	0.003499	1.021342	0.006281	0.007630	0.002044	0.758298
1.277847	0.010643	0.002659	0.003605	1.021555	0.006147	0.007579	0.002015	0.758373
1.278256	0.010967	0.002257	0.003815	1.021545	0.006322	0.007648	0.002054	0.758316
1.278028	0.010998	0.002787	0.003739	1.021978	0.006180	0.007562	0.002136	0.758381
1.278367	0.010681	0.002136	0.003529	1.021871	0.006555	0.007707	0.002084	0.758252
1.278090	0.010629	0.002684	0.003512	1.021948	0.006194	0.007602	0.002121	0.758337
1.278085	0.010538	0.002557	0.003434	1.021894	0.006239	0.007561	0.002035	0.758164
1.278444	0.010853	0.002268	0.003701	1.021736	0.006377	0.007681	0.002051	0.758201
1.278341	0.011081	0.002745	0.003824	1.021920	0.006097	0.007556	0.002189	0.758264
1.278223	0.010794	0.002115	0.003512	1.022157	0.006454	0.007663	0.002143	0.758197
1.278216	0.010595	0.002707	0.003480	1.022086	0.006217	0.007650	0.002001	0.758230
1.278265	0.010656	0.002433	0.003530	1.022062	0.006252	0.007551	0.002098	0.758209
1.278169	0.010770	0.002340	0.003638	1.021928	0.006269	0.007709	0.002062	0.758115
1.277936	0.011057	0.002748	0.003897	1.022125	0.006165	0.007564	0.002090	0.758154
1.278392	0.011062	0.002120	0.003639	1.022221	0.006529	0.007677	0.002120	0.757979
1.278298	0.010717	0.002751	0.003529	1.021868	0.006277	0.007648	0.001989	0.758160
1.278324	0.010540	0.002332	0.003531	1.022181	0.006384	0.007627	0.001991	0.758051
1.278364	0.010661	0.002478	0.003491	1.022198	0.006270	0.007674	0.002026	0.758151
1.278555	0.010810	0.002634	0.003733	1.021954	0.006081	0.007616	0.002064	0.757988
1.278274	0.011085	0.002210	0.003753	1.021942	0.006537	0.007639	0.002107	0.758081
1.278249	0.010772	0.002772	0.003499	1.021895	0.006168	0.007661	0.002172	0.758143
1.278443	0.010677	0.002233	0.003497	1.022072	0.006458	0.007629	0.002093	0.757949
1.278359	0.010636	0.002549	0.003468	1.022173	0.006134	0.007669	0.002037	0.758040
1.278448	0.010738	0.002543	0.003574	1.022225	0.006221	0.007634	0.002110	0.758074
1.278555	0.011033	0.002352	0.003875	1.022104	0.006371	0.007628	0.002078	0.758184
1.278662	0.010899	0.002780	0.003608	1.022209	0.006267	0.007610	0.002180	0.758123
1.278521	0.010662	0.002101	0.003470	1.022145	0.006461	0.007707	0.002079	0.758013
1.278111	0.010539	0.002671	0.003453	1.022079	0.006120	0.007611	0.002037	0.758045
1.278378	0.010650	0.002355	0.003456	1.022204	0.006259	0.007674	0.002172	0.757886
1.278467	0.010979	0.002506	0.003858	1.021966	0.006227	0.007686	0.002055	0.757856
1.278327	0.011095	0.002679	0.003690	1.022297	0.006286	0.007574	0.002136	0.757983
1.278106	0.010704	0.002145	0.003523	1.022075	0.006582	0.007699	0.002099	0.757806
1.278282	0.010592	0.002740	0.003526	1.022117	0.006076	0.007593	0.002021	0.758126
1.278494	0.010540	0.002251	0.003481	1.021945	0.006425	0.007619	0.002013	0.757994
1.278289	0.010811	0.002572	0.003756	1.022220	0.006272	0.007722	0.002050	0.757985
1.278506	0.011140	0.002593	0.003856	1.022370	0.006232	0.007576	0.002153	0.757938
1.278308	0.010864	0.002174	0.003492	1.022398	0.006529	0.007726	0.002108	0.757851
1.278267	0.010692	0.002718	0.003524	1.022248	0.006130	0.007647	0.002096	0.757932
1.278304	0.010558	0.002255	0.003552	1.022414	0.006366	0.007657	0.002056	0.757996
1.278235	0.010718	0.002550	0.003632	1.022283	0.006221	0.007741	0.002105	0.758010
1.278415	0.010961	0.002521	0.003754	1.021938	0.006197	0.007584	0.002109	0.757927
1.278440	0.011023	0.002247	0.003633	1.022148	0.006543	0.007650	0.002150	0.757821
1.278306	0.010717	0.002770	0.003543	1.022066	0.006171	0.007619	0.002097	0.757931
1.278185	0.010633	0.002238	0.003593	1.022180	0.006437	0.007629	0.002113	0.757934
1.278279	0.010707	0.002566	0.003564	1.022169	0.006194	0.007649	0.002066	0.757926
1.278197	0.010888	0.002561	0.003804	1.022362	0.006151	0.007624	0.002023	0.757912
1.278423	0.011058	0.002267	0.003760	1.022409	0.006548	0.007660	0.002116	0.757920
1.278483	0.010809	0.002787	0.003547	1.021968	0.006308	0.007625	0.002160	0.758020
1.278163	0.010541	0.002214	0.003505	1.022119	0.006428	0.007697	0.002010	0.757983
1.278177	0.010702	0.002487	0.003534	1.022430	0.006222	0.007637	0.002049	0.757953
1.278459	0.010659	0.002636	0.003652	1.022531	0.006101	0.007649	0.002048	0.758005
1.278568	0.011093	0.002285	0.003839	1.022280	0.006379	0.007653	0.002063	0.757930
1.278187	0.010941	0.002737	0.003627	1.022248	0.006275	0.007633	0.002194	0.757888
1.278388	0.010715	0.002224	0.003578	1.022545	0.006392	0.007642	0.002088	0.757860
1.278520	0.010563	0.002446	0.003460	1.022513	0.006162	0.007621	0.002078	0.757767
1.278384	0.010592	0.002637	0.003517	1.021888	0.006062	0.007605	0.002136	0.757889
1.278038	0.010988	0.002229	0.003851	1.021870	0.006417	0.007694	0.002029	0.757767
1.277876	0.011035	0.002693	0.003662	1.022014	0.006140	0.007568	0.002167	0.757824
1.277913	0.010753	0.002240	0.003507	1.022116	0.006511	0.007700	0.002139	0.757859
1.278054	0.010678	0.002566	0.003577	1.022112	0.006233	0.007614	0.002016	0.757832
1.277947	0.010610	0.002681	0.003515	1.022137	0.006119	0.007570	0.002094	0.758037
1.278064	0.010855	0.002274	0.003766	1.022701	0.006429	0.007727	0.001958	0.757928
1.278142	0.011119	0.002695	0.003847	1.023200	0.006181	0.007550	0.002109	0.758015
1.277502	0.010826	0.002227	0.003606	1.022983	0.006585	0.007679	0.002156	0.757832
1.278172	0.010693	0.002561	0.003515	1.022575	0.006301	0.007656	0.002070	0.757838
1.278188	0.010550	0.002589	0.003456	1.022799	0.006243	0.007542	0.002083	0.758095
1.278376	0.010658	0.002236	0.003557	1.023185	0.006334	0.007746	0.002138	0.757864
1.278198	0.010956	0.002706	0.003833	1.023165	0.006093	0.007543	0.002178	0.757918
1.278238	0.011055	0.002218	0.003739	1.023169	0.006608	0.007724	0.002196	0.757768
