#header text header text texty text text
4.630153	0.004409	0.012676	0.017940	0.255128	0.001009	0.014180	0.001393	0.220674
4.600529	0.004530	0.012810	0.018973	0.255513	0.000992	0.010112	0.001520	0.220669
4.569961	0.004502	0.012832	0.017440	0.255402	0.000997	0.009444	0.001468	0.220579
4.608365	0.004539	0.013035	0.013966	0.255700	0.000996	0.009366	0.001398	0.220649
4.622864	0.004545	0.012620	0.010155	0.255454	0.001121	0.012441	0.001386	0.220505
4.570226	0.004469	0.012894	0.020171	0.255655	0.000970	0.009068	0.001348	0.220864
4.579055	0.004463	0.012851	0.019507	0.255594	0.001046	0.011063	0.001560	0.220415
4.632625	0.004522	0.012855	0.011802	0.255705	0.000925	0.011113	0.001483	0.220844
4.601781	0.004629	0.012613	0.010790	0.255609	0.001037	0.011700	0.001397	0.220555
4.560303	0.004518	0.013019	0.022618	0.255926	0.001029	0.014192	0.001360	0.221143
4.601356	0.004482	0.012870	0.014946	0.255898	0.000960	0.007409	0.001452	0.220364
4.621306	0.004430	0.012743	0.016466	0.255853	0.000925	0.013096	0.001459	0.221165
4.577874	0.004553	0.012791	0.015844	0.255774	0.000989	0.010688	0.001579	0.220542
4.576827	0.004500	0.012998	0.015097	0.255988	0.000947	0.011059	0.001522	0.221207
4.620175	0.004555	0.012782	0.013510	0.256045	0.001031	0.007299	0.001386	0.220396
4.607853	0.004484	0.012662	0.015039	0.255930	0.001053	0.013214	0.001412	0.221260
4.572032	0.004573	0.012839	0.012056	0.256023	0.000976	0.009069	0.001469	0.220484
4.592227	0.004375	0.012926	0.007349	0.256102	0.000959	0.010068	0.001591	0.221272
4.633486	0.004505	0.012709	0.012718	0.256130	0.000953	0.006787	0.001494	0.220587
4.581364	0.004595	0.012723	0.021557	0.255926	0.001077	0.011458	0.001392	0.221229
4.571083	0.004564	0.013145	0.019498	0.256314	0.000959	0.009843	0.001482	0.220622
4.611835	0.004457	0.012792	0.012100	0.256177	0.001020	0.012709	0.001514	0.221114
4.611863	0.004500	0.012772	0.014580	0.256185	0.000948	0.005297	0.001564	0.220764
4.569395	0.004484	0.012864	0.015279	0.256062	0.001038	0.008270	0.001576	0.221097
4.592543	0.004615	0.013162	0.014736	0.256472	0.000943	0.009623	0.001428	0.220780
4.621832	0.004497	0.012744	0.005713	0.256264	0.001052	0.009592	0.001486	0.221140
4.592344	0.004590	0.012849	0.012572	0.256274	0.000989	0.013176	0.001369	0.221001
4.561732	0.004490	0.012929	0.010789	0.256132	0.001017	0.011124	0.001494	0.221120
4.601928	0.004490	0.013079	0.013420	0.256535	0.000980	0.014524	0.001583	0.220888
4.634249	0.004501	0.012699	0.015321	0.256234	0.001004	0.011842	0.001472	0.221191
4.583340	0.004631	0.012892	0.021986	0.256358	0.001007	0.013073	0.001506	0.221110
4.568749	0.004539	0.012907	0.017787	0.256376	0.001116	0.013568	0.001492	0.221181
4.614146	0.004514	0.013075	0.011395	0.256658	0.000969	0.011741	0.001558	0.220989
4.621836	0.004440	0.012643	0.018621	0.256338	0.000947	0.011013	0.001636	0.221191
4.575184	0.004501	0.012963	0.022513	0.256504	0.000937	0.009158	0.001562	0.221136
4.574268	0.004538	0.012945	0.015220	0.256491	0.001082	0.005365	0.001545	0.220988
4.623255	0.004590	0.012950	0.012169	0.256639	0.000978	0.016241	0.001513	0.221232
4.597388	0.004565	0.012659	0.012156	0.256385	0.001033	0.012119	0.001518	0.221059
4.563118	0.004500	0.013127	0.012623	0.256549	0.000905	0.006512	0.001515	0.221407
4.602138	0.004503	0.012955	0.011234	0.256560	0.000979	0.004651	0.001710	0.220845
4.618459	0.004558	0.012845	0.013787	0.256594	0.000961	0.014329	0.001447	0.221434
4.581280	0.004622	0.012848	0.020503	0.256491	0.001102	0.006979	0.001452	0.221008
4.569091	0.004584	0.013165	0.012684	0.256759	0.000889	0.009725	0.001463	0.221619
4.616838	0.004381	0.012856	0.014349	0.256811	0.001101	0.008955	0.001542	0.220865
4.603840	0.004440	0.012756	0.014106	0.256638	0.000914	0.007483	0.001605	0.221606
4.563496	0.004594	0.012904	0.019246	0.256748	0.001040	0.012032	0.001609	0.220876
4.598020	0.004557	0.013062	0.015575	0.256788	0.000919	0.007024	0.001546	0.221645
4.624994	0.004608	0.012787	0.012719	0.256767	0.001068	0.016222	0.001500	0.220873
4.583158	0.004514	0.012800	0.018708	0.256651	0.000953	0.007090	0.001544	0.221734
4.566838	0.004478	0.013032	0.015230	0.256900	0.000973	0.008767	0.001664	0.220874
4.618481	0.004489	0.012918	0.019614	0.256854	0.000994	0.012185	0.001613	0.221659
4.619589	0.004559	0.012784	0.010501	0.256857	0.001004	0.008062	0.001468	0.221023
4.567761	0.004609	0.012819	0.011514	0.256749	0.001048	0.004938	0.001544	0.221769
4.586449	0.004534	0.013167	0.015692	0.257035	0.001033	0.013782	0.001528	0.220910
4.617650	0.004458	0.012767	0.013529	0.256878	0.000999	0.019915	0.001620	0.221717
4.609160	0.004541	0.012844	0.017482	0.256948	0.000941	0.014334	0.001636	0.221122
4.564782	0.004518	0.012941	0.013235	0.256892	0.000937	0.010530	0.001554	0.221687
4.597269	0.004576	0.013046	0.012731	0.257177	0.001013	0.009377	0.001461	0.221036
4.635755	0.004543	0.012735	0.010684	0.256932	0.001025	0.009959	0.001568	0.221659
4.580624	0.004597	0.012949	0.022049	0.256979	0.000968	0.013805	0.001543	0.221248
4.569231	0.004438	0.012958	0.017528	0.256956	0.001013	0.009902	0.001767	0.221673
4.612604	0.004498	0.013030	0.013509	0.257234	0.000954	0.014425	0.001570	0.221131
4.614070	0.004568	0.012710	0.014051	0.256875	0.001134	0.017263	0.001556	0.221748
4.571829	0.004673	0.013046	0.011138	0.257145	0.000956	0.012397	0.001429	0.221356
4.587653	0.004477	0.012874	0.012073	0.257081	0.001124	0.009990	0.001586	0.221557
4.620425	0.004466	0.012943	0.010574	0.257237	0.000981	0.015515	0.001586	0.221413
4.608885	0.004522	0.012693	0.010947	0.256897	0.001027	0.010123	0.001678	0.221636
4.562489	0.004605	0.013096	0.016206	0.257297	0.000917	0.008841	0.001468	0.221532
4.604136	0.004505	0.012880	0.010019	0.257189	0.001120	0.011590	0.001554	0.221510
4.639413	0.004569	0.012912	0.009249	0.257271	0.000964	0.009800	0.001508	0.221652
4.585147	0.004511	0.012809	0.016978	0.257012	0.001007	0.007915	0.001669	0.221631
4.568302	0.004537	0.013207	0.014089	0.257407	0.000908	0.007920	0.001670	0.221649
4.622324	0.004428	0.012888	0.014566	0.257354	0.001050	0.010100	0.001616	0.221480
4.617632	0.004629	0.012859	0.015680	0.257361	0.001007	0.005778	0.001464	0.221696
4.572806	0.004566	0.012818	0.013962	0.257167	0.001157	0.012282	0.001542	0.221522
4.581287	0.004553	0.013191	0.007919	0.257497	0.000892	0.011259	0.001572	0.221786
4.623329	0.004478	0.012808	0.014096	0.257309	0.001005	0.010431	0.001751	0.221364
4.594323	0.004564	0.012886	0.016759	0.257420	0.000912	0.007571	0.001597	0.221983
4.558133	0.004671	0.012985	0.018277	0.257466	0.001048	0.011114	0.001615	0.221386
4.596327	0.004604	0.013142	0.010217	0.257532	0.000934	0.011391	0.001610	0.221929
4.624618	0.004670	0.012743	0.015185	0.257420	0.000970	0.013937	0.001594	0.221355
4.575256	0.004548	0.012948	0.018154	0.257528	0.000959	0.009883	0.001698	0.222171
4.574193	0.004480	0.013011	0.015035	0.257664	0.000916	0.013584	0.001723	0.221258
4.625012	0.004559	0.012889	0.006747	0.257645	0.000983	0.014530	0.001562	0.222097
4.600838	0.004707	0.012807	0.014680	0.257424	0.001022	0.012322	0.001511	0.221487
4.564109	0.004514	0.013017	0.008592	0.257519	0.000984	0.012442	0.001620	0.222234
4.592242	0.004522	0.013104	0.015021	0.257761	0.000969	0.013111	0.001634	0.221267
4.620363	0.004419	0.012732	0.011450	0.257535	0.000920	0.009273	0.001760	0.222149
4.582730	0.004579	0.012829	0.016235	0.257715	0.000971	0.012010	0.001625	0.221565
4.567800	0.004565	0.012965	0.016505	0.257676	0.000944	0.007123	0.001658	0.222173
4.611977	0.004627	0.012922	0.013577	0.257881	0.001020	0.014753	0.001565	0.221395
4.610170	0.004482	0.012672	0.010360	0.257633	0.000965	0.010346	0.001643	0.222197
4.559273	0.004532	0.012998	0.017001	0.257837	0.000973	0.009847	0.001597	0.221595
4.574948	0.004469	0.012891	0.016408	0.257863	0.000996	0.015032	0.001744	0.222181
4.611129	0.004657	0.012857	0.006025	0.257923	0.000977	0.011471	0.001471	0.221587
4.586888	0.004669	0.012689	0.010108	0.257715	0.001046	0.010555	0.001605	0.222159
4.557685	0.004621	0.013090	0.008255	0.258045	0.000943	0.008477	0.001578	0.221619
4.595943	0.004430	0.012931	0.010540	0.258042	0.001076	0.015841	0.001750	0.222053
4.621511	0.004534	0.012814	0.021840	0.258055	0.000850	0.018113	0.001719	0.221722
4.586497	0.004566	0.012724	0.020163	0.257739	0.001078	0.011958	0.001666	0.222149
4.560598	0.004658	0.013093	0.015397	0.258139	0.000875	0.010163	0.001607	0.221756
4.611991	0.004527	0.012931	0.020514	0.258065	0.001057	0.008529	0.001579	0.222064
4.619400	0.004584	0.012815	0.019842	0.258054	0.000848	0.013584	0.001617	0.221879
4.572570	0.004477	0.012728	0.013809	0.257916	0.000964	0.012796	0.001785	0.222234
4.575182	0.004567	0.013113	0.011535	0.258211	0.000943	0.012738	0.001627	0.221825
4.615458	0.004580	0.012837	0.013314	0.258079	0.001054	0.014052	0.001621	0.222065
4.608120	0.004668	0.012800	0.013919	0.258111	0.000960	0.008775	0.001478	0.221916
4.564012	0.004563	0.012800	0.021111	0.258104	0.001016	0.015020	0.001577	0.222160
4.570069	0.004606	0.013131	0.009236	0.258415	0.000872	0.006765	0.001719	0.221837
4.617154	0.004505	0.012687	0.013528	0.258200	0.001021	0.008324	0.001766	0.222147
4.593954	0.004711	0.012860	0.012731	0.258235	0.000920	0.013986	0.001567	0.221967
4.558264	0.004580	0.012864	0.009089	0.258225	0.001099	0.013102	0.001682	0.222235
4.585522	0.004580	0.013136	0.011781	0.258555	0.000936	0.010759	0.001570	0.221862
4.621270	0.004513	0.012782	0.010125	0.258326	0.000994	0.010738	0.001683	0.222187
4.590303	0.004612	0.012912	0.015641	0.258381	0.000964	0.014042	0.001743	0.222053
4.563894	0.004585	0.012968	0.012338	0.258313	0.000964	0.010296	0.001641	0.222226
4.598954	0.004671	0.013114	0.009744	0.258556	0.000885	0.017454	0.001649	0.221895
4.621591	0.004540	0.012729	0.012360	0.258397	0.001021	0.012121	0.001557	0.222313
4.576842	0.004621	0.012921	0.018696	0.258499	0.000909	0.016679	0.001621	0.222116
4.559800	0.004517	0.012941	0.025021	0.258468	0.001068	0.010363	0.001792	0.222376
4.608254	0.004624	0.013053	0.013732	0.258746	0.000893	0.018367	0.001642	0.221904
4.619524	0.004579	0.012691	0.018108	0.258543	0.001030	0.011841	0.001668	0.222410
4.570703	0.004727	0.012863	0.024366	0.258626	0.000989	0.008334	0.001572	0.222023
4.559083	0.004493	0.012920	0.020105	0.258588	0.001030	0.006643	0.001735	0.222450
4.601509	0.004570	0.013050	0.020689	0.258755	0.000873	0.009146	0.001718	0.221898
4.623710	0.004501	0.012653	0.012962	0.258508	0.000983	0.009911	0.001832	0.222416
4.567224	0.004695	0.012986	0.019194	0.258631	0.000888	0.010991	0.001588	0.221995
4.564680	0.004593	0.012968	0.017976	0.258660	0.001053	0.013781	0.001703	0.222528
4.607693	0.004569	0.012936	0.011377	0.258815	0.000938	0.011473	0.001584	0.221993
4.611016	0.004503	0.012677	0.013401	0.258649	0.000927	0.016745	0.001689	0.222554
4.560882	0.004621	0.013012	0.009918	0.258850	0.000918	0.010631	0.001759	0.222156
4.573995	0.004521	0.012972	0.019192	0.258913	0.001004	0.013869	0.001787	0.222530
4.609320	0.004680	0.013007	0.010315	0.258949	0.000971	0.009728	0.001622	0.222014
4.593598	0.004625	0.012655	0.012595	0.258667	0.001087	0.012526	0.001694	0.222670
4.561318	0.004574	0.013077	0.013226	0.258915	0.000878	0.014099	0.001616	0.222181
4.578185	0.004488	0.012895	0.007395	0.258820	0.001052	0.012431	0.001825	0.222536
4.614942	0.004650	0.012875	0.007038	0.258920	0.000861	0.012765	0.001685	0.222188
4.587941	0.004570	0.012716	0.016564	0.258762	0.001066	0.020041	0.001660	0.222571
4.554028	0.004667	0.013117	0.021609	0.259097	0.000961	0.009876	0.001616	0.222235
4.592470	0.004456	0.012888	0.015895	0.259014	0.000984	0.014211	0.001599	0.222474
4.612417	0.004574	0.012848	0.013714	0.259067	0.000932	0.016996	0.001714	0.222306
4.570982	0.004585	0.012821	0.018380	0.258912	0.000997	0.013543	0.001837	0.222571
4.567926	0.004577	0.013150	0.015618	0.259145	0.000980	0.011238	0.001633	0.222442
4.613749	0.004588	0.012885	0.012223	0.259046	0.000996	0.012082	0.001618	0.222404
4.611760	0.004707	0.012787	0.018920	0.259140	0.000967	0.012772	0.001616	0.222518
4.561531	0.004520	0.012826	0.014504	0.259014	0.001040	0.014196	0.001687	0.222626
4.571645	0.004562	0.013066	0.014549	0.259265	0.000859	0.015531	0.001709	0.222526
4.617552	0.004500	0.012779	0.007422	0.259085	0.001053	0.014110	0.001756	0.222538
4.586338	0.004757	0.012843	0.008116	0.259219	0.000916	0.019701	0.001606	0.222683
4.553549	0.004573	0.012939	0.016301	0.259270	0.001048	0.010364	0.001692	0.222450
4.596094	0.004532	0.013066	0.015020	0.259442	0.000849	0.012593	0.001651	0.222596
4.622212	0.004526	0.012780	0.016941	0.259191	0.001035	0.015931	0.001740	0.222518
4.573227	0.004581	0.012898	0.023640	0.259341	0.000871	0.016766	0.001758	0.222721
4.557747	0.004638	0.013043	0.015866	0.259317	0.000982	0.008926	0.001770	0.222511
4.605246	0.004679	0.012995	0.014107	0.259530	0.000927	0.013478	0.001699	0.222713
4.617660	0.004568	0.012793	0.017547	0.259309	0.000988	0.013308	0.001651	0.222601
4.570539	0.004563	0.012992	0.015482	0.259460	0.000914	0.015349	0.001713	0.222798
4.569716	0.004598	0.013065	0.015944	0.259556	0.000999	0.016543	0.001800	0.222462
4.613680	0.004628	0.012936	0.012852	0.259603	0.000896	0.011574	0.001703	0.222700
4.596577	0.004660	0.012812	0.016208	0.259504	0.001026	0.013741	0.001636	0.222632
4.553653	0.004647	0.012996	0.010118	0.259516	0.000890	0.016693	0.001711	0.222959
4.582650	0.004459	0.013062	0.008111	0.259567	0.001000	0.010193	0.001708	0.222449
4.629207	0.004557	0.012855	0.010486	0.259613	0.000859	0.013835	0.001859	0.222838
4.599495	0.004629	0.012758	0.011812	0.259463	0.001008	0.015931	0.001718	0.222584
4.556647	0.004679	0.013065	0.018628	0.259674	0.000948	0.018357	0.001710	0.223055
4.593925	0.004673	0.012996	0.010566	0.259602	0.001019	0.016269	0.001715	0.222420
4.613467	0.004548	0.012723	0.016025	0.259691	0.000872	0.012782	0.001696	0.223041
4.574663	0.004583	0.012781	0.016596	0.259576	0.000983	0.008129	0.001790	0.222612
4.561498	0.004519	0.013040	0.013290	0.259800	0.000865	0.015985	0.001876	0.223073
4.601259	0.004581	0.013010	0.010781	0.259741	0.001021	0.015996	0.001680	0.222527
4.612577	0.004617	0.012697	0.019721	0.259838	0.000851	0.018675	0.001636	0.223100
4.563232	0.004685	0.012852	0.022235	0.259789	0.000967	0.012746	0.001617	0.222604
4.566484	0.004550	0.013117	0.012828	0.259926	0.000911	0.013298	0.001821	0.223170
4.614799	0.004550	0.012852	0.008315	0.259929	0.000945	0.009600	0.001783	0.222574
4.608039	0.004638	0.012621	0.011273	0.259886	0.000958	0.015635	0.001728	0.223194
4.556891	0.004704	0.012926	0.009303	0.259986	0.000976	0.016258	0.001659	0.222614
4.575070	0.004610	0.013029	0.010789	0.260113	0.000976	0.015609	0.001733	0.223244
4.616841	0.004485	0.012813	0.011522	0.260004	0.000980	0.019236	0.001695	0.222614
4.590912	0.004570	0.012781	0.011406	0.260045	0.000933	0.010166	0.001888	0.223312
4.553038	0.004654	0.012963	0.019388	0.260128	0.000901	0.016434	0.001689	0.222619
4.594949	0.004588	0.012976	0.011870	0.260151	0.000964	0.018128	0.001720	0.223340
4.616183	0.004695	0.012740	0.017690	0.260094	0.000948	0.017046	0.001625	0.222732
4.575951	0.004608	0.012853	0.013720	0.260156	0.000901	0.008947	0.001701	0.223465
4.566309	0.004529	0.013044	0.019545	0.260313	0.000924	0.016423	0.001697	0.222572
4.611135	0.004522	0.012713	0.010721	0.260227	0.000932	0.015242	0.001817	0.223434
4.597515	0.004724	0.012801	0.010153	0.260217	0.000952	0.013409	0.001687	0.222820
4.555119	0.004586	0.012886	0.014661	0.260239	0.000966	0.016671	0.001728	0.223501
4.579873	0.004598	0.013012	0.018407	0.260477	0.000884	0.013076	0.001691	0.222718
4.627541	0.004494	0.012675	0.018368	0.260309	0.000987	0.013646	0.001772	0.223501
4.583165	0.004622	0.012806	0.017660	0.260324	0.000900	0.015781	0.001751	0.222967
4.554561	0.004528	0.012859	0.019678	0.260344	0.000999	0.015338	0.001848	0.223523
4.602778	0.004683	0.012923	0.014673	0.260519	0.000942	0.015798	0.001696	0.222873
4.612146	0.004679	0.012707	0.008232	0.260307	0.001061	0.019584	0.001739	0.223362
4.552767	0.004612	0.012995	0.016966	0.260506	0.000862	0.018007	0.001674	0.223036
4.570262	0.004530	0.012972	0.014685	0.260504	0.000988	0.014613	0.001867	0.223263
4.608134	0.004583	0.012836	0.011680	0.260585	0.000844	0.020304	0.001730	0.222995
4.589187	0.004649	0.012678	0.009354	0.260389	0.000972	0.013647	0.001669	0.223446
4.559599	0.004692	0.013076	0.015179	0.260781	0.000906	0.014956	0.001674	0.223119
4.592633	0.004545	0.012927	0.017713	0.260607	0.000936	0.009164	0.001743	0.223175
4.616185	0.004611	0.012698	0.017601	0.260693	0.000813	0.012510	0.001771	0.223222
4.561847	0.004581	0.012753	0.020522	0.260496	0.000917	0.017645	0.001839	0.223198
4.568567	0.004565	0.013058	0.020042	0.260825	0.000898	0.013345	0.001799	0.223315
4.613663	0.004594	0.012846	0.014114	0.260633	0.001000	0.015264	0.001636	0.223063
4.592963	0.004705	0.012694	0.015820	0.260660	0.000890	0.011807	0.001683	0.223509
4.555176	0.004604	0.012968	0.009755	0.260711	0.000865	0.016590	0.001756	0.223037
4.580654	0.004541	0.013006	0.005280	0.260880	0.000985	0.018593	0.001889	0.223440
4.620739	0.004601	0.012723	0.016996	0.260657	0.000950	0.015406	0.001658	0.223030
4.581199	0.004732	0.012827	0.015043	0.260719	0.000914	0.016072	0.001708	0.223569
4.559056	0.004640	0.012970	0.017979	0.260747	0.000961	0.010560	0.001695	0.222961
4.595019	0.004600	0.012850	0.015993	0.260874	0.000829	0.022354	0.001726	0.223530
4.605227	0.004593	0.012750	0.012399	0.260734	0.000919	0.013029	0.001853	0.223149
4.570694	0.004655	0.012796	0.017278	0.260816	0.000854	0.018463	0.001828	0.223689
4.557629	0.004627	0.013031	0.011575	0.260911	0.000927	0.014663	0.001746	0.223107
4.596583	0.004677	0.012828	0.013354	0.261054	0.000947	0.018587	0.001787	0.223685
4.601550	0.004659	0.012781	0.018200	0.260822	0.000915	0.022570	0.001621	0.223195
4.569342	0.004598	0.012863	0.013104	0.261003	0.000922	0.011035	0.001794	0.223738
4.558197	0.004648	0.012986	0.020027	0.261100	0.000958	0.018069	0.001817	0.223181
4.614916	0.004625	0.012795	0.013660	0.261127	0.000898	0.018490	0.001734	0.223674
4.604036	0.004762	0.012723	0.013839	0.260991	0.001029	0.015420	0.001604	0.223368
4.555234	0.004687	0.012852	0.016346	0.261086	0.000928	0.018322	0.001757	0.223858
4.571227	0.004551	0.012935	0.012422	0.261120	0.000823	0.017545	0.001781	0.223305
4.605448	0.004580	0.012723	0.009738	0.261190	0.000881	0.017102	0.001862	0.223682
4.599886	0.004619	0.012646	0.012615	0.260935	0.000959	0.019197	0.001730	0.223544
4.559243	0.004730	0.012895	0.013159	0.261087	0.000879	0.015980	0.001677	0.223811
4.571649	0.004634	0.012985	0.012402	0.261085	0.000968	0.015136	0.001776	0.223462
4.612366	0.004684	0.012748	0.009902	0.261135	0.000902	0.019524	0.001752	0.223737
4.593425	0.004571	0.012699	0.019278	0.260989	0.000917	0.016125	0.001763	0.223604
4.551462	0.004635	0.012893	0.021336	0.261201	0.000900	0.016253	0.001835	0.223812
4.573928	0.004624	0.012931	0.011466	0.261145	0.000977	0.015229	0.001727	0.223450
4.610577	0.004721	0.012648	0.007222	0.261246	0.000880	0.023285	0.001689	0.223860
4.579582	0.004697	0.012739	0.014106	0.261084	0.000931	0.014545	0.001702	0.223568
4.554216	0.004646	0.012960	0.011628	0.261361	0.000834	0.015772	0.001782	0.224021
4.584614	0.004531	0.012956	0.017501	0.261312	0.000929	0.018412	0.001857	0.223417
4.606185	0.004654	0.012561	0.017019	0.261346	0.000969	0.017029	0.001755	0.223849
4.567999	0.004757	0.012799	0.022267	0.261270	0.000994	0.014823	0.001710	0.223565
4.546917	0.004652	0.012992	0.016901	0.261463	0.000900	0.010679	0.001751	0.223970
4.596626	0.004575	0.012863	0.011570	0.261387	0.000853	0.015726	0.001736	0.223537
4.598920	0.004597	0.012627	0.013706	0.261417	0.000952	0.020170	0.001893	0.224020
4.557175	0.004617	0.012826	0.008146	0.261401	0.000863	0.015310	0.001766	0.223545
4.566785	0.004667	0.012978	0.013918	0.261632	0.000926	0.020943	0.001763	0.223982
4.610539	0.004716	0.012807	0.004793	0.261511	0.000836	0.013921	0.001628	0.223467
4.586545	0.004634	0.012680	0.014014	0.261473	0.000902	0.018309	0.001730	0.224203
4.550039	0.004681	0.012928	0.009346	0.261523	0.000923	0.013636	0.001799	0.223598
4.579286	0.004496	0.012898	0.008403	0.261647	0.000844	0.023159	0.001792	0.224137
4.618998	0.004594	0.012819	0.009550	0.261448	0.000943	0.015129	0.001657	0.223724
4.587164	0.004722	0.012703	0.022221	0.261450	0.000971	0.021789	0.001694	0.224210
4.556363	0.004653	0.012915	0.008212	0.261484	0.000904	0.016855	0.001659	0.223644
4.576626	0.004555	0.012867	0.021524	0.261667	0.000892	0.018623	0.001843	0.224173
4.609698	0.004610	0.012753	0.016687	0.261484	0.000916	0.014952	0.001800	0.223773
4.572751	0.004643	0.012656	0.016068	0.261456	0.000930	0.013183	0.001742	0.224299
4.547460	0.004658	0.012870	0.020166	0.261451	0.000943	0.021492	0.001723	0.223661
4.588220	0.004614	0.012729	0.012391	0.261629	0.000871	0.025862	0.001698	0.224276
4.610301	0.004610	0.012653	0.011576	0.261456	0.000815	0.012653	0.001648	0.223866
4.568656	0.004553	0.012742	0.027087	0.261509	0.000911	0.010807	0.001864	0.224376
4.557313	0.004595	0.012984	0.014308	0.261558	0.000945	0.019310	0.001780	0.223720
4.602856	0.004610	0.012722	0.013324	0.261649	0.000911	0.022675	0.001717	0.224284
4.614470	0.004740	0.012738	0.014675	0.261609	0.000860	0.017755	0.001654	0.223977
4.553915	0.004649	0.012803	0.018114	0.261703	0.000910	0.017423	0.001756	0.224447
4.562568	0.004542	0.012975	0.010524	0.261671	0.000819	0.019362	0.001842	0.223782
4.605500	0.004609	0.012649	0.012204	0.261745	0.000859	0.018538	0.001880	0.224468
4.606371	0.004737	0.012677	0.009792	0.261627	0.000933	0.019342	0.001680	0.224049
4.549352	0.004738	0.012809	0.008235	0.261773	0.000898	0.022919	0.001767	0.224556
4.577191	0.004636	0.012909	0.012486	0.261828	0.000874	0.019429	0.001683	0.223834
4.613207	0.004575	0.012612	0.018318	0.261862	0.000881	0.016326	0.001771	0.224516
4.576396	0.004645	0.012751	0.016687	0.261813	0.000902	0.019496	0.001812	0.224117
4.547886	0.004607	0.012881	0.019024	0.262023	0.000913	0.019193	0.001814	0.224734
4.595625	0.004728	0.012807	0.010948	0.261926	0.000917	0.018194	0.001710	0.223920
4.610028	0.004703	0.012529	0.012051	0.261820	0.000868	0.020674	0.001684	0.224684
4.560360	0.004707	0.012735	0.014094	0.261921	0.000838	0.019566	0.001687	0.224075
4.553023	0.004515	0.012847	0.021598	0.261949	0.000908	0.015507	0.001898	0.224658
4.605894	0.004601	0.012824	0.011383	0.262000	0.000840	0.018450	0.001771	0.223933
4.593896	0.004729	0.012584	0.023434	0.261905	0.000931	0.009008	0.001713	0.224655
4.546332	0.004788	0.012845	0.009373	0.262123	0.000793	0.015849	0.001678	0.224083
4.568865	0.004596	0.012849	0.011019	0.262172	0.000909	0.021208	0.001737	0.224770
4.611781	0.004724	0.012646	0.009765	0.262111	0.000838	0.024334	0.001756	0.224019
4.584398	0.004641	0.012545	0.018661	0.262049	0.000932	0.015967	0.001849	0.224784
4.543975	0.004695	0.012936	0.021070	0.262241	0.000950	0.018370	0.001694	0.224070
4.581708	0.004696	0.012769	0.012000	0.262235	0.000940	0.020299	0.001718	0.224779
4.608334	0.004710	0.012583	0.011407	0.262244	0.000855	0.024613	0.001689	0.224222
4.568180	0.004627	0.012738	0.015485	0.262158	0.000899	0.018536	0.001728	0.224793
4.557009	0.004657	0.012922	0.017752	0.262414	0.000880	0.014801	0.001830	0.224156
4.611478	0.004589	0.012721	0.005816	0.262257	0.000961	0.022161	0.001770	0.224750
4.584795	0.004808	0.012643	0.010052	0.262364	0.000871	0.012959	0.001733	0.224394
4.551373	0.004701	0.012780	0.013135	0.262278	0.000998	0.017257	0.001719	0.224634
4.581837	0.004642	0.012730	0.012256	0.262525	0.000803	0.015513	0.001715	0.224348
4.613175	0.004619	0.012611	0.012373	0.262182	0.000917	0.014769	0.001863	0.224545
4.557029	0.004667	0.012730	0.015583	0.262424	0.000829	0.019944	0.001820	0.224639
4.557872	0.004667	0.012971	0.014329	0.262376	0.000908	0.021238	0.001646	0.224438
4.603421	0.004646	0.012563	0.013613	0.262575	0.000854	0.020641	0.001711	0.224565
4.582679	0.004757	0.012613	0.010612	0.262335	0.000902	0.021060	0.001605	0.224505
4.544625	0.004611	0.012807	0.007867	0.262489	0.000781	0.023807	0.001782	0.224758
4.582723	0.004623	0.012897	0.014998	0.262449	0.000887	0.021633	0.001808	0.224222
4.613970	0.004654	0.012525	0.010942	0.262476	0.000887	0.013468	0.001746	0.224922
4.563860	0.004780	0.012703	0.018945	0.262400	0.000909	0.012884	0.001680	0.224452
4.556255	0.004681	0.012788	0.013378	0.262520	0.000847	0.020275	0.001717	0.224932
4.602117	0.004661	0.012775	0.007405	0.262439	0.000845	0.024707	0.001728	0.224344
4.598221	0.004686	0.012507	0.012900	0.262370	0.000861	0.020426	0.001853	0.225031
4.551718	0.004673	0.012676	0.017086	0.262456	0.000872	0.018265	0.001722	0.224368
4.575883	0.004669	0.012734	0.016317	0.262506	0.000897	0.018947	0.001775	0.225071
4.618790	0.004817	0.012568	0.005368	0.262381	0.000941	0.022554	0.001609	0.224472
4.580930	0.004762	0.012617	0.010955	0.262422	0.000827	0.023568	0.001706	0.225170
4.549175	0.004597	0.012835	0.011737	0.262494	0.000805	0.016562	0.001706	0.224459
4.583002	0.004573	0.012639	0.015000	0.262565	0.000871	0.019909	0.001816	0.225125
4.607934	0.004689	0.012517	0.019256	0.262615	0.000911	0.021053	0.001657	0.224632
4.559146	0.004783	0.012539	0.017774	0.262553	0.000882	0.015864	0.001702	0.225179
4.554190	0.004735	0.012721	0.014074	0.262665	0.000796	0.020708	0.001736	0.224488
4.603405	0.004600	0.012615	0.014289	0.262566	0.000928	0.023258	0.001730	0.225179
4.581943	0.004713	0.012487	0.014639	0.262640	0.000904	0.018193	0.001815	0.224669
4.548132	0.004663	0.012655	0.016070	0.262603	0.000936	0.017981	0.001734	0.225190
4.569938	0.004671	0.012718	0.016132	0.262786	0.000849	0.019919	0.001707	0.224577
4.610587	0.004692	0.012523	0.011792	0.262614	0.000808	0.021088	0.001691	0.225149
4.561571	0.004675	0.012587	0.018257	0.262790	0.000827	0.023940	0.001668	0.224866
4.550982	0.004679	0.012812	0.015343	0.262729	0.000873	0.017198	0.001811	0.225022
4.603367	0.004665	0.012531	0.011005	0.262884	0.000823	0.020480	0.001738	0.224886
4.586573	0.004746	0.012504	0.015079	0.262665	0.000857	0.025171	0.001638	0.224928
4.549763	0.004747	0.012713	0.011134	0.262942	0.000862	0.022766	0.001728	0.225004
4.579148	0.004672	0.012780	0.016704	0.262776	0.000829	0.019196	0.001638	0.224740
4.606350	0.004677	0.012358	0.013175	0.262837	0.000850	0.018250	0.001770	0.225179
4.557630	0.004665	0.012625	0.013299	0.262905	0.000831	0.018752	0.001784	0.224785
4.560404	0.004600	0.012661	0.014390	0.262966	0.000969	0.019624	0.001739	0.225256
4.603106	0.004808	0.012560	0.010045	0.262910	0.000832	0.022145	0.001677	0.224642
4.589298	0.004799	0.012481	0.012649	0.262850	0.000868	0.023720	0.001664	0.225427
4.542560	0.004676	0.012669	0.009340	0.262903	0.000771	0.011940	0.001686	0.224675
4.580873	0.004644	0.012528	0.021967	0.262980	0.000889	0.020848	0.001829	0.225374
4.600818	0.004671	0.012457	0.011858	0.262928	0.000939	0.018412	0.001688	0.224799
4.554004	0.004755	0.012490	0.018210	0.262841	0.000869	0.017780	0.001767	0.225479
4.560656	0.004762	0.012664	0.011809	0.263071	0.000783	0.014975	0.001660	0.224776
4.607245	0.004666	0.012491	0.008572	0.263002	0.000828	0.018999	0.001722	0.225359
4.572845	0.004711	0.012446	0.020239	0.263001	0.000845	0.018680	0.001840	0.225017
4.549243	0.004632	0.012607	0.017588	0.263005	0.000782	0.021723	0.001768	0.225261
4.590246	0.004710	0.012504	0.012947	0.263096	0.000827	0.022757	0.001585	0.225023
4.602098	0.004800	0.012426	0.017752	0.262941	0.000864	0.021230	0.001550	0.225262
4.551656	0.004748	0.012557	0.017776	0.263189	0.000833	0.019205	0.001638	0.225178
4.558141	0.004677	0.012735	0.016651	0.263080	0.000842	0.019367	0.001687	0.225114
4.606393	0.004642	0.012420	0.011288	0.263108	0.000857	0.021073	0.001821	0.225144
4.578818	0.004753	0.012490	0.006791	0.262954	0.000908	0.013077	0.001607	0.225150
4.543020	0.004768	0.012636	0.017380	0.263211	0.000906	0.017405	0.001688	0.225315
4.587919	0.004789	0.012610	0.009983	0.263134	0.000773	0.014628	0.001594	0.224898
4.605516	0.004715	0.012359	0.014872	0.263195	0.000798	0.017511	0.001701	0.225452
4.553749	0.004719	0.012523	0.016216	0.263072	0.000820	0.018910	0.001800	0.225033
4.567130	0.004634	0.012594	0.016107	0.263225	0.000854	0.021102	0.001697	0.225538
4.605443	0.004764	0.012461	0.006156	0.263199	0.000906	0.025773	0.001555	0.225020
4.583363	0.004837	0.012293	0.010690	0.263090	0.000860	0.020967	0.001591	0.225627
4.542249	0.004811	0.012589	0.011495	0.263141	0.000745	0.015442	0.001664	0.224992
4.570937	0.004549	0.012524	0.017292	0.263280	0.000832	0.022331	0.001759	0.225581
4.602117	0.004741	0.012327	0.012889	0.263253	0.000845	0.017820	0.001714	0.225075
4.565706	0.004753	0.012434	0.019490	0.263192	0.000961	0.030178	0.001666	0.225771
4.549314	0.004804	0.012572	0.022786	0.263355	0.000782	0.021956	0.001622	0.225042
4.598960	0.004736	0.012409	0.013193	0.263268	0.000931	0.023896	0.001601	0.225738
4.595748	0.004770	0.012451	0.016179	0.263392	0.000788	0.022037	0.001698	0.225210
4.543073	0.004771	0.012545	0.019135	0.263202	0.000869	0.023451	0.001754	0.225785
4.569566	0.004741	0.012489	0.010739	0.263482	0.000837	0.022915	0.001692	0.225166
4.608133	0.004776	0.012357	0.010900	0.263271	0.000908	0.017535	0.001583	0.225803
4.569048	0.004805	0.012429	0.012315	0.263435	0.000796	0.015910	0.001636	0.225328
4.543322	0.004720	0.012563	0.017442	0.263360	0.000868	0.018021	0.001634	0.225654
4.584651	0.004700	0.012395	0.018330	0.263619	0.000803	0.022515	0.001758	0.225277
4.604032	0.004711	0.012332	0.014171	0.263488	0.000917	0.023860	0.001590	0.225782
4.555536	0.004756	0.012409	0.017726	0.263585	0.000814	0.019443	0.001617	0.225385
4.551870	0.004841	0.012566	0.016690	0.263562	0.000845	0.022143	0.001571	0.225734
4.600857	0.004766	0.012329	0.012648	0.263718	0.000846	0.018060	0.001548	0.225370
4.598428	0.004730	0.012358	0.015932	0.263489	0.000841	0.021189	0.001704	0.225977
4.546434	0.004710	0.012509	0.017682	0.263665	0.000856	0.012761	0.001720	0.225565
4.556697	0.004774	0.012631	0.019247	0.263506	0.000940	0.021469	0.001527	0.225775
4.608030	0.004780	0.012352	0.004722	0.263595	0.000792	0.027060	0.001490	0.225537
4.584295	0.004813	0.012343	0.011048	0.263349	0.000800	0.023474	0.001551	0.225969
4.532275	0.004769	0.012444	0.014775	0.263659	0.000918	0.020291	0.001644	0.225687
4.575845	0.004764	0.012562	0.012659	0.263449	0.000883	0.029269	0.001688	0.225692
4.604846	0.004778	0.012243	0.017883	0.263591	0.000928	0.024047	0.001647	0.225748
4.554691	0.004842	0.012424	0.024914	0.263354	0.000885	0.020942	0.001522	0.225878
4.544349	0.004793	0.012494	0.014262	0.263576	0.000773	0.020870	0.001597	0.225781
4.580153	0.004704	0.012473	0.014557	0.263446	0.000847	0.015997	0.001584	0.225755
4.598223	0.004730	0.012175	0.017185	0.263546	0.000779	0.021468	0.001773	0.225854
4.548777	0.004795	0.012387	0.013264	0.263379	0.000867	0.022309	0.001633	0.225887
4.549942	0.004688	0.012462	0.014479	0.263532	0.000864	0.021612	0.001542	0.225833
4.591568	0.004856	0.012430	0.014935	0.263481	0.000830	0.025227	0.001492	0.225884
4.595927	0.004786	0.012233	0.011069	0.263662	0.000875	0.015999	0.001559	0.225971
4.552567	0.004750	0.012445	0.018056	0.263575	0.000861	0.018486	0.001580	0.226090
4.565157	0.004721	0.012459	0.014278	0.263730	0.000823	0.024393	0.001675	0.225922
4.602339	0.004768	0.012315	0.007938	0.263502	0.000869	0.019840	0.001442	0.226036
4.574875	0.004829	0.012277	0.018175	0.263678	0.000888	0.023000	0.001475	0.226138
4.544068	0.004854	0.012444	0.016776	0.263701	0.000834	0.016692	0.001532	0.225851
4.576822	0.004702	0.012317	0.011278	0.263730	0.000831	0.018418	0.001534	0.226045
4.595463	0.004701	0.012289	0.023222	0.263504	0.000862	0.022170	0.001625	0.226006
4.555540	0.004785	0.012344	0.011836	0.263607	0.000794	0.013110	0.001610	0.226204
4.552113	0.004814	0.012479	0.013554	0.263688	0.000887	0.017192	0.001558	0.225910
4.600158	0.004812	0.012269	0.013829	0.263654	0.000848	0.021890	0.001506	0.226369
4.585782	0.004812	0.012241	0.014691	0.263729	0.000803	0.016287	0.001518	0.226072
4.544998	0.004754	0.012448	0.015236	0.263727	0.000884	0.026969	0.001596	0.226445
4.564761	0.004678	0.012373	0.005694	0.263819	0.000823	0.015924	0.001545	0.225865
4.598076	0.004773	0.012194	0.015976	0.263686	0.000912	0.023040	0.001488	0.226491
4.566341	0.004868	0.012329	0.014202	0.263778	0.000834	0.016612	0.001455	0.225992
4.541134	0.004840	0.012442	0.019406	0.263771	0.000789	0.019424	0.001492	0.226484
4.588839	0.004734	0.012305	0.011088	0.263881	0.000843	0.021130	0.001606	0.225918
4.594725	0.004705	0.012188	0.017211	0.263621	0.000865	0.025111	0.001646	0.226644
4.542446	0.004842	0.012348	0.016853	0.263918	0.000836	0.023193	0.001531	0.226017
4.566975	0.004651	0.012203	0.010885	0.263823	0.000955	0.022878	0.001359	0.226657
4.619632	0.004595	0.011896	0.010899	0.264066	0.000835	0.021093	0.001359	0.226291
4.580382	0.004508	0.011869	0.014087	0.263860	0.000834	0.019252	0.001409	0.226878
4.559702	0.004461	0.011958	0.018921	0.264192	0.000830	0.019172	0.001586	0.226271
