#header text header text texty text text
4.586939	0.004588	0.014039	0.013279	0.259178	0.000857	0.015379	0.000933	0.246294
4.632840	0.004664	0.014004	0.009311	0.259753	0.000960	0.023348	0.000779	0.246812
4.601479	0.004578	0.014037	0.013107	0.260191	0.000859	0.021986	0.001096	0.246474
4.575783	0.004488	0.014154	0.007226	0.260426	0.000958	0.013630	0.000883	0.246860
4.614912	0.004512	0.013984	0.014039	0.260669	0.000978	0.020756	0.000861	0.246418
4.627285	0.004575	0.013965	0.012547	0.260584	0.000962	0.024812	0.000753	0.246947
4.577388	0.004713	0.014189	0.011215	0.260867	0.000818	0.023202	0.000918	0.246557
4.591157	0.004533	0.014198	0.007876	0.260919	0.000889	0.016836	0.000777	0.246809
4.619112	0.004539	0.013942	0.015316	0.261120	0.000876	0.021627	0.001114	0.246573
4.609341	0.004554	0.013994	0.011517	0.261078	0.000994	0.021630	0.000823	0.246959
4.571292	0.004594	0.014188	0.014010	0.261252	0.000972	0.016268	0.000959	0.246593
4.614921	0.004613	0.014069	0.012016	0.261329	0.000897	0.021073	0.000825	0.246811
4.629092	0.004654	0.014091	0.016356	0.261329	0.000898	0.021002	0.000842	0.246765
4.580573	0.004529	0.014048	0.018553	0.261429	0.001025	0.014482	0.001022	0.246924
4.589656	0.004550	0.014273	0.013506	0.261368	0.000997	0.021147	0.000891	0.246749
4.632545	0.004554	0.013925	0.005243	0.261469	0.000962	0.018633	0.000817	0.246731
4.606758	0.004645	0.014194	0.012007	0.261433	0.000923	0.021180	0.000769	0.246810
4.571426	0.004627	0.014134	0.012799	0.261618	0.000915	0.016357	0.000850	0.246701
4.603362	0.004519	0.014135	0.013329	0.261585	0.001030	0.018885	0.000870	0.246851
4.629131	0.004504	0.013892	0.012416	0.261679	0.000926	0.022510	0.000965	0.246828
4.584038	0.004563	0.014198	0.014931	0.261560	0.001041	0.019702	0.000746	0.246986
4.591268	0.004574	0.014174	0.018665	0.261779	0.000897	0.023726	0.000931	0.246708
4.626784	0.004668	0.014001	0.012774	0.261598	0.000928	0.012867	0.000691	0.247050
4.609024	0.004617	0.013898	0.009039	0.261590	0.000933	0.024494	0.000837	0.246804
4.574293	0.004538	0.014285	0.009537	0.261687	0.000972	0.018410	0.001004	0.247074
4.599441	0.004507	0.014042	0.007758	0.261832	0.000988	0.020303	0.000820	0.246591
4.638301	0.004587	0.014003	0.012109	0.261776	0.000968	0.018005	0.000727	0.247050
4.602050	0.004645	0.014024	0.018305	0.261890	0.000896	0.019938	0.000778	0.246799
4.572868	0.004604	0.014222	0.018459	0.261833	0.000987	0.021687	0.000673	0.247127
4.624406	0.004524	0.013936	0.007633	0.262038	0.000999	0.018278	0.001145	0.246741
4.625343	0.004544	0.013950	0.011593	0.261923	0.000939	0.022549	0.000776	0.247214
4.578084	0.004562	0.014095	0.010064	0.262100	0.000894	0.014803	0.000820	0.246792
4.585938	0.004584	0.014305	0.015329	0.262288	0.000913	0.021126	0.000770	0.247214
4.627110	0.004709	0.013944	0.008891	0.262354	0.000988	0.024566	0.000762	0.246917
4.603412	0.004600	0.014072	0.013911	0.262356	0.001001	0.019760	0.000776	0.247314
4.571032	0.004583	0.014198	0.019452	0.262830	0.000941	0.017431	0.000877	0.246851
4.618187	0.004497	0.014076	0.019415	0.263140	0.000980	0.021996	0.000673	0.247241
4.625958	0.004635	0.014058	0.011336	0.263382	0.001068	0.014707	0.000705	0.247198
4.578301	0.004670	0.014081	0.013077	0.263524	0.000935	0.014411	0.000770	0.247374
4.589640	0.004575	0.014180	0.007376	0.263710	0.000983	0.023375	0.000703	0.247101
4.626722	0.004446	0.013941	0.010296	0.263812	0.000955	0.016772	0.001263	0.247373
4.601345	0.004539	0.014097	0.013203	0.263924	0.001018	0.014480	0.000730	0.247420
4.577500	0.004500	0.014062	0.009987	0.263975	0.000934	0.017529	0.000819	0.247271
4.627370	0.004518	0.014104	0.014835	0.263902	0.000925	0.026543	0.000702	0.247508
4.616402	0.004575	0.013923	0.017002	0.263927	0.000932	0.015705	0.000666	0.247283
4.574126	0.004529	0.014323	0.013329	0.263719	0.001049	0.022759	0.000745	0.247478
4.604356	0.004488	0.013961	0.011863	0.263999	0.000975	0.012873	0.000828	0.247076
4.633948	0.004533	0.014015	0.010729	0.263805	0.001062	0.020748	0.000662	0.247547
4.585573	0.004658	0.014062	0.015947	0.263777	0.000936	0.019359	0.000749	0.247210
4.590624	0.004562	0.014186	0.010795	0.263842	0.000934	0.017625	0.000702	0.247521
4.635911	0.004567	0.013983	0.011127	0.263806	0.000986	0.017103	0.000800	0.247262
4.609972	0.004528	0.013940	0.014995	0.263797	0.001069	0.015326	0.001183	0.247582
4.573208	0.004504	0.014194	0.012007	0.263912	0.000975	0.019671	0.000681	0.247125
4.618030	0.004466	0.013954	0.009779	0.263948	0.000901	0.017379	0.000690	0.247440
4.633061	0.004590	0.013928	0.011021	0.264004	0.000951	0.011305	0.000660	0.247329
4.585017	0.004579	0.013891	0.017468	0.264254	0.000906	0.012798	0.000664	0.247349
4.599401	0.004538	0.014056	0.008219	0.264503	0.001023	0.019192	0.000845	0.247309
4.631255	0.004447	0.013587	0.014308	0.264743	0.001065	0.017740	0.000752	0.247458
4.612880	0.004551	0.013882	0.018942	0.264721	0.001117	0.023341	0.000605	0.247652
4.582838	0.004598	0.013872	0.016006	0.264989	0.000958	0.019691	0.000764	0.247528
4.627245	0.004641	0.013880	0.012722	0.264886	0.000936	0.015774	0.000611	0.247831
4.629764	0.004580	0.013615	0.013919	0.265047	0.000982	0.013469	0.000831	0.247613
4.588266	0.004505	0.013935	0.013863	0.264922	0.001048	0.018698	0.000944	0.247975
4.616577	0.004494	0.013695	0.013334	0.264947	0.001008	0.016385	0.000626	0.247553
4.637358	0.004509	0.013578	0.012449	0.264962	0.001009	0.011695	0.000654	0.247975
4.593900	0.004678	0.013740	0.009408	0.265098	0.000909	0.018819	0.000688	0.247624
4.613044	0.004481	0.013570	0.011861	0.265256	0.000949	0.020211	0.000627	0.247790
4.639495	0.004491	0.013690	0.013870	0.265152	0.001113	0.025036	0.000956	0.247695
4.606344	0.004480	0.013539	0.010249	0.265318	0.000995	0.024194	0.000644	0.247754
4.599101	0.004427	0.013754	0.017519	0.265412	0.001008	0.018931	0.000666	0.247728
4.649138	0.004527	0.013380	0.008250	0.265656	0.001015	0.019327	0.000657	0.247661
4.620081	0.004560	0.013667	0.020014	0.265577	0.000993	0.018850	0.000626	0.247824
4.596122	0.004441	0.013591	0.010670	0.265872	0.001072	0.017596	0.000760	0.247612
4.624399	0.004369	0.013575	0.011205	0.265842	0.001132	0.018863	0.000879	0.247901
4.635107	0.004490	0.013434	0.013098	0.265859	0.000955	0.021893	0.000581	0.247730
4.601544	0.004475	0.013579	0.005409	0.265964	0.001012	0.022541	0.000697	0.247977
4.621235	0.004583	0.013536	0.016060	0.266150	0.001021	0.019505	0.000583	0.247544
4.658666	0.004521	0.013290	0.017337	0.266183	0.001002	0.016303	0.000574	0.248006
4.620665	0.004487	0.013481	0.015213	0.266374	0.001024	0.016250	0.000639	0.247750
4.614677	0.004453	0.013286	0.013557	0.266393	0.001043	0.014239	0.000602	0.247837
4.649632	0.004547	0.013328	0.007599	0.266502	0.001015	0.017272	0.000670	0.247700
4.635061	0.004568	0.013131	0.010422	0.266520	0.001026	0.019308	0.000673	0.247872
4.601761	0.004513	0.013403	0.015738	0.266487	0.001082	0.017538	0.000513	0.247685
4.654331	0.004456	0.012958	0.010053	0.266665	0.001057	0.016751	0.000784	0.247729
4.654499	0.004362	0.013136	0.013269	0.266478	0.001052	0.013995	0.000484	0.247889
4.616086	0.004478	0.012948	0.020359	0.266615	0.001093	0.017275	0.000624	0.247676
4.650932	0.004443	0.013178	0.007620	0.266372	0.000948	0.015547	0.000629	0.247801
4.666971	0.004581	0.012918	0.015567	0.266469	0.001022	0.021609	0.000581	0.247644
4.617723	0.004454	0.013022	0.014326	0.266314	0.001045	0.012423	0.000661	0.247978
4.636156	0.004398	0.013098	0.008804	0.266378	0.001146	0.015744	0.000561	0.247566
4.673824	0.004499	0.012949	0.005709	0.266119	0.000999	0.015222	0.000576	0.248039
4.644593	0.004493	0.013158	0.009951	0.266177	0.001075	0.018245	0.000589	0.247781
4.613632	0.004528	0.012960	0.011699	0.266264	0.001083	0.020487	0.000634	0.247871
4.670989	0.004450	0.013118	0.012984	0.266105	0.000982	0.020020	0.000549	0.247655
4.663574	0.004432	0.012792	0.010339	0.266103	0.001130	0.017970	0.000535	0.247863
4.622459	0.004412	0.013199	0.017264	0.265909	0.001131	0.016860	0.000539	0.247687
4.635410	0.004383	0.012827	0.009457	0.266009	0.001157	0.018067	0.000643	0.247652
4.675787	0.004419	0.012943	0.008372	0.266005	0.000997	0.012710	0.000638	0.247877
4.636233	0.004510	0.012843	0.014309	0.266032	0.001052	0.018650	0.000547	0.247761
4.627122	0.004335	0.013175	0.015898	0.265820	0.001094	0.016906	0.000493	0.247831
4.674800	0.004430	0.012886	0.008973	0.265971	0.001106	0.013575	0.000566	0.247701
4.659992	0.004410	0.012974	0.010745	0.265778	0.001006	0.019487	0.000557	0.247925
4.623260	0.004437	0.012862	0.009497	0.265944	0.000957	0.015874	0.000596	0.247599
4.643575	0.004491	0.013081	0.014384	0.265879	0.001065	0.022115	0.000556	0.247870
4.687612	0.004494	0.012784	0.010155	0.265941	0.001134	0.018261	0.000446	0.247721
4.652376	0.004388	0.012965	0.013445	0.265687	0.001115	0.010016	0.000566	0.247973
4.625340	0.004387	0.012827	0.014108	0.265795	0.001041	0.018228	0.000560	0.247642
4.661129	0.004313	0.012936	0.009708	0.265882	0.001143	0.014578	0.000604	0.247975
4.684945	0.004553	0.012623	0.008855	0.265985	0.001054	0.016094	0.000555	0.247796
4.655625	0.004433	0.012788	0.016936	0.266001	0.001062	0.015036	0.000603	0.247985
4.628965	0.004383	0.012670	0.015148	0.266134	0.001152	0.020968	0.000594	0.247678
4.681724	0.004245	0.012626	0.011983	0.266141	0.001138	0.019115	0.000501	0.248026
4.686851	0.004388	0.012428	0.012157	0.266150	0.001101	0.013137	0.000561	0.247717
4.643793	0.004397	0.012648	0.017285	0.266136	0.001014	0.022488	0.000616	0.247877
4.655852	0.004379	0.012427	0.006139	0.266254	0.001014	0.020923	0.000557	0.247491
4.698275	0.004376	0.012349	0.015251	0.266208	0.001135	0.015183	0.000511	0.247860
4.682078	0.004392	0.012356	0.013025	0.266130	0.001161	0.007848	0.000487	0.247619
4.640915	0.004296	0.012461	0.015303	0.265871	0.001080	0.006242	0.000596	0.247923
4.677729	0.004388	0.012470	0.007301	0.265854	0.001028	0.015719	0.000544	0.247508
4.707328	0.004538	0.012313	0.008538	0.265673	0.001029	0.012898	0.000578	0.247883
4.661151	0.004465	0.012504	0.007708	0.265930	0.001110	0.014664	0.000606	0.247591
4.638040	0.004368	0.012475	0.015796	0.265922	0.001062	0.020365	0.000710	0.247929
4.684404	0.004349	0.012483	0.017245	0.266020	0.001147	0.018287	0.000590	0.247579
4.691381	0.004522	0.012362	0.010898	0.265993	0.001084	0.015975	0.000563	0.248013
4.639626	0.004604	0.012716	0.011140	0.266006	0.001117	0.014293	0.000536	0.247652
4.665809	0.004523	0.012457	0.005825	0.266194	0.001038	0.017126	0.000573	0.247854
4.697513	0.004477	0.012514	0.013934	0.266417	0.001110	0.012719	0.000482	0.247695
4.666713	0.004530	0.012262	0.011622	0.266439	0.001156	0.019740	0.000465	0.247948
4.643043	0.004466	0.012694	0.011166	0.266524	0.001142	0.015278	0.000510	0.247610
4.694841	0.004570	0.012242	0.018467	0.266710	0.001073	0.019760	0.000575	0.247776
4.692836	0.004664	0.012506	0.009781	0.266746	0.001090	0.011751	0.000599	0.247922
4.641674	0.004542	0.012236	0.011828	0.266940	0.001141	0.020604	0.000668	0.248014
4.664402	0.004450	0.012469	0.007847	0.267026	0.001172	0.017069	0.000691	0.247885
4.710121	0.004488	0.011966	0.008384	0.267107	0.001116	0.019560	0.000611	0.248045
4.681704	0.004550	0.012330	0.011107	0.266905	0.001093	0.016497	0.000568	0.248060
4.649074	0.004625	0.012057	0.016843	0.267180	0.001141	0.016572	0.000548	0.247974
4.691306	0.004465	0.012299	0.012540	0.267026	0.001172	0.021512	0.000533	0.248048
4.714289	0.004503	0.011828	0.014233	0.267020	0.001151	0.011711	0.000502	0.248117
4.671922	0.004494	0.012132	0.011995	0.266927	0.001114	0.018300	0.000473	0.248203
4.662601	0.004447	0.011929	0.012921	0.267102	0.001067	0.016868	0.000566	0.248002
4.719173	0.004480	0.011954	0.016664	0.267071	0.001219	0.013552	0.000598	0.248215
4.704878	0.004589	0.011809	0.017463	0.267080	0.001079	0.013757	0.000619	0.248059
4.662848	0.004433	0.012082	0.012214	0.266986	0.001171	0.013995	0.000708	0.248216
4.699104	0.004434	0.011905	0.015010	0.267115	0.001150	0.017612	0.000594	0.247951
4.727291	0.004405	0.011900	0.013430	0.267006	0.001227	0.012983	0.000522	0.248271
4.669124	0.004455	0.011855	0.016762	0.266999	0.001108	0.016656	0.000580	0.248007
4.667509	0.004510	0.012049	0.013921	0.266876	0.001135	0.011941	0.000538	0.248325
4.715214	0.004533	0.011865	0.008026	0.266960	0.001139	0.018003	0.000500	0.248044
4.705475	0.004437	0.011767	0.013156	0.266819	0.001257	0.019399	0.000571	0.248372
4.665883	0.004375	0.012118	0.017670	0.266775	0.001183	0.014947	0.000550	0.248078
4.694855	0.004423	0.011902	0.011237	0.266768	0.001161	0.012289	0.000590	0.248306
4.741200	0.004535	0.012002	0.011060	0.266779	0.001105	0.016916	0.000551	0.248232
4.683808	0.004509	0.011786	0.010369	0.266781	0.001135	0.013999	0.000547	0.248464
4.677983	0.004356	0.012171	0.016158	0.266716	0.001195	0.014074	0.000558	0.248222
4.723926	0.004436	0.011614	0.008603	0.266651	0.001102	0.015720	0.000559	0.248390
4.703908	0.004434	0.012049	0.011233	0.266557	0.001143	0.017848	0.000530	0.248324
4.666371	0.004520	0.011750	0.011237	0.266766	0.001124	0.017973	0.000510	0.248327
4.701701	0.004536	0.012046	0.012893	0.266615	0.001305	0.015569	0.000547	0.248247
4.726397	0.004474	0.011709	0.013935	0.266616	0.001115	0.016513	0.000499	0.248447
4.672258	0.004409	0.012052	0.015310	0.266477	0.001121	0.012041	0.000582	0.248408
4.693750	0.004447	0.011948	0.011144	0.266369	0.001269	0.023810	0.000632	0.248192
4.731780	0.004489	0.011948	0.006664	0.266243	0.001131	0.018832	0.000594	0.248489
4.688260	0.004557	0.011933	0.008674	0.266292	0.001133	0.016559	0.000613	0.248231
4.666751	0.004480	0.012040	0.013335	0.266222	0.001151	0.013171	0.000536	0.248415
4.720304	0.004404	0.011909	0.013659	0.266258	0.001232	0.018487	0.000541	0.248245
4.719882	0.004427	0.011704	0.016831	0.266129	0.001129	0.017982	0.000508	0.248525
4.666249	0.004391	0.012061	0.011470	0.266126	0.001167	0.018325	0.000526	0.248192
4.705637	0.004511	0.011695	0.013893	0.266052	0.001192	0.015170	0.000551	0.248437
4.727251	0.004493	0.011985	0.007825	0.266078	0.001091	0.015538	0.000555	0.248322
4.683318	0.004469	0.011764	0.009862	0.265998	0.001192	0.013541	0.000566	0.248539
4.684633	0.004361	0.012178	0.015001	0.265940	0.001220	0.014332	0.000605	0.248263
4.724537	0.004475	0.011742	0.012626	0.266027	0.001211	0.017449	0.000591	0.248537
4.709944	0.004522	0.012108	0.006023	0.265633	0.001070	0.003983	0.000567	0.248560
4.664410	0.004488	0.011854	0.008300	0.265645	0.001164	0.011019	0.000533	0.248427
4.713795	0.004453	0.012125	0.016018	0.265699	0.001189	0.018619	0.000533	0.248496
4.739300	0.004423	0.011658	0.010269	0.265686	0.001291	0.007065	0.000495	0.248578
4.685675	0.004378	0.012115	0.012820	0.265518	0.001118	0.009976	0.000464	0.248550
4.688701	0.004357	0.011749	0.013612	0.265694	0.001198	0.016874	0.000526	0.248472
4.725341	0.004467	0.011921	0.007538	0.265528	0.001074	0.014375	0.000546	0.248613
4.726622	0.004489	0.011673	0.012098	0.265671	0.001213	0.016595	0.000551	0.248561
4.678338	0.004319	0.011990	0.017686	0.265583	0.001195	0.006768	0.000627	0.248663
4.704712	0.004383	0.011811	0.005604	0.265824	0.001194	0.014205	0.000536	0.248425
4.736963	0.004424	0.011739	0.011191	0.265716	0.001090	0.014552	0.000555	0.248692
4.697432	0.004432	0.011721	0.007336	0.265812	0.001137	0.012630	0.000515	0.248424
4.689722	0.004472	0.011822	0.012144	0.265836	0.001083	0.014465	0.000556	0.248564
4.732310	0.004426	0.011735	0.011068	0.265989	0.001226	0.016997	0.000548	0.248327
4.722617	0.004427	0.011593	0.013447	0.265923	0.001240	0.012944	0.000505	0.248753
4.680879	0.004411	0.011972	0.012008	0.266135	0.001198	0.011319	0.000472	0.248482
4.708886	0.004462	0.011725	0.010886	0.266098	0.001142	0.017007	0.000559	0.248825
4.745413	0.004516	0.011835	0.016825	0.266090	0.001209	0.018272	0.000598	0.248581
4.706772	0.004482	0.011651	0.008018	0.266119	0.001247	0.016670	0.000531	0.248905
4.689941	0.004381	0.012085	0.012379	0.266189	0.001177	0.014496	0.000578	0.248538
4.732978	0.004397	0.011489	0.018856	0.266258	0.001232	0.018017	0.000528	0.248790
4.720392	0.004406	0.011791	0.011236	0.266149	0.001106	0.015212	0.000536	0.248823
4.677359	0.004555	0.011538	0.012513	0.266281	0.001137	0.011998	0.000536	0.248881
4.709131	0.004439	0.011977	0.007934	0.266318	0.001252	0.020071	0.000582	0.248726
4.736985	0.004486	0.011473	0.011979	0.266456	0.001263	0.011581	0.000521	0.249011
4.720964	0.004410	0.011918	0.014920	0.266402	0.001177	0.009058	0.000527	0.248954
4.684359	0.004424	0.011528	0.011380	0.266545	0.001257	0.018443	0.000510	0.248876
4.732845	0.004492	0.011777	0.009202	0.266536	0.001109	0.008393	0.000604	0.248924
4.746202	0.004623	0.011421	0.009999	0.266706	0.001222	0.013224	0.000575	0.248974
4.690014	0.004413	0.011747	0.011874	0.266646	0.001284	0.012081	0.000603	0.249069
4.710857	0.004351	0.011384	0.006384	0.266723	0.001231	0.016981	0.000555	0.248810
4.753020	0.004456	0.011442	0.006654	0.266723	0.001070	0.012706	0.000490	0.249148
4.717518	0.004449	0.011402	0.012031	0.266942	0.001231	0.010857	0.000576	0.249088
4.698490	0.004452	0.011522	0.014877	0.266889	0.001262	0.014149	0.000528	0.249156
4.746238	0.004524	0.011397	0.012085	0.267071	0.001198	0.014375	0.000543	0.248983
4.759713	0.004508	0.011218	0.011296	0.267198	0.001178	0.016751	0.000513	0.249302
4.700052	0.004400	0.011389	0.010410	0.267399	0.001271	0.012216	0.000539	0.249092
4.718131	0.004383	0.011298	0.015416	0.267387	0.001180	0.014203	0.000614	0.249364
4.770812	0.004525	0.011328	0.007402	0.267276	0.001176	0.014383	0.000595	0.249243
4.728672	0.004562	0.011106	0.007147	0.267376	0.001189	0.009728	0.000593	0.249391
4.700313	0.004399	0.011493	0.012200	0.267470	0.001189	0.011083	0.000584	0.249091
4.755512	0.004398	0.011107	0.016789	0.267231	0.001242	0.015408	0.000598	0.249397
4.760232	0.004495	0.011422	0.010734	0.267228	0.001163	0.015280	0.000503	0.249278
4.707688	0.004544	0.011110	0.008172	0.267239	0.001178	0.012326	0.000491	0.249459
4.731874	0.004448	0.011535	0.011788	0.267340	0.001180	0.008401	0.000587	0.249190
4.765569	0.004502	0.010983	0.019904	0.267328	0.001353	0.013050	0.000550	0.249465
4.717180	0.004483	0.011389	0.009769	0.267283	0.001281	0.015224	0.000533	0.249454
4.721449	0.004448	0.011191	0.013610	0.267293	0.001199	0.010058	0.000644	0.249421
4.766110	0.004490	0.011396	0.012660	0.267253	0.001153	0.018236	0.000552	0.249507
4.750881	0.004568	0.011112	0.007022	0.267337	0.001261	0.011557	0.000590	0.249635
4.698806	0.004492	0.011461	0.012542	0.267140	0.001238	0.014844	0.000583	0.249572
4.736150	0.004392	0.011261	0.004812	0.267280	0.001223	0.015051	0.000567	0.249390
4.770472	0.004453	0.011224	0.012028	0.267089	0.001223	0.012636	0.000494	0.249583
4.722213	0.004406	0.011302	0.011892	0.267059	0.001141	0.012071	0.000545	0.249383
4.711001	0.004467	0.011332	0.009033	0.266909	0.001200	0.018218	0.000514	0.249537
4.768392	0.004557	0.011262	0.021066	0.267012	0.001192	0.018844	0.000580	0.249290
4.755410	0.004443	0.011078	0.010961	0.267075	0.001353	0.010825	0.000551	0.249582
4.713329	0.004410	0.011285	0.018760	0.267055	0.001248	0.009812	0.000556	0.249193
4.744141	0.004447	0.011092	0.011361	0.267035	0.001295	0.014081	0.000588	0.249654
4.767151	0.004549	0.011239	0.014355	0.267133	0.001115	0.006799	0.000601	0.249436
4.730324	0.004589	0.011106	0.013196	0.267017	0.001204	0.019118	0.000582	0.249759
4.715109	0.004450	0.011492	0.013582	0.267105	0.001252	0.013082	0.000578	0.249318
4.770434	0.004487	0.011029	0.013154	0.267164	0.001360	0.015736	0.000565	0.249605
4.754969	0.004462	0.011389	0.011124	0.267106	0.001207	0.013025	0.000493	0.249591
4.702324	0.004457	0.011192	0.008649	0.267070	0.001199	0.015302	0.000508	0.249798
4.737399	0.004505	0.011590	0.015173	0.266969	0.001168	0.014765	0.000581	0.249556
4.762999	0.004559	0.011043	0.012600	0.266928	0.001170	0.016317	0.000604	0.249819
4.729302	0.004500	0.011493	0.007949	0.266880	0.001207	0.012982	0.000548	0.249701
4.716244	0.004411	0.011216	0.009099	0.266985	0.001257	0.009604	0.000630	0.249649
4.763786	0.004371	0.011394	0.010075	0.266783	0.001152	0.010178	0.000624	0.249603
4.746197	0.004546	0.011201	0.007354	0.266849	0.001160	0.011026	0.000559	0.249666
4.708116	0.004533	0.011437	0.004987	0.266794	0.001178	0.014650	0.000580	0.249710
4.760659	0.004435	0.011404	0.012157	0.266890	0.001345	0.015246	0.000599	0.249488
4.766078	0.004483	0.011241	0.014129	0.266803	0.001144	0.012392	0.000513	0.249763
4.707658	0.004395	0.011516	0.012959	0.266866	0.001217	0.010948	0.000560	0.249481
4.731344	0.004443	0.011386	0.017195	0.266809	0.001214	0.017027	0.000610	0.249847
4.774114	0.004640	0.011519	0.010795	0.266788	0.001246	0.015176	0.000613	0.249696
4.727953	0.004542	0.011277	0.009802	0.266935	0.001206	0.013968	0.000604	0.249970
4.720888	0.004431	0.011637	0.012232	0.266828	0.001349	0.011632	0.000574	0.249606
4.766890	0.004435	0.011201	0.012879	0.266965	0.001351	0.010561	0.000569	0.249856
4.741908	0.004416	0.011504	0.008181	0.266820	0.001244	0.013176	0.000526	0.249759
4.705777	0.004515	0.011305	0.012638	0.267012	0.001270	0.008170	0.000540	0.249741
4.747778	0.004515	0.011637	0.012185	0.266872	0.001249	0.014464	0.000611	0.249664
4.768294	0.004497	0.011220	0.010497	0.267038	0.001358	0.022593	0.000580	0.249838
4.707440	0.004417	0.011606	0.012291	0.267048	0.001270	0.010862	0.000517	0.249765
4.719570	0.004400	0.011479	0.008167	0.267237	0.001194	0.009316	0.000873	0.249611
4.769640	0.004595	0.011450	0.011736	0.267174	0.001264	0.016731	0.000565	0.249759
4.740807	0.004593	0.011320	0.013260	0.267212	0.001239	0.021745	0.000635	0.249574
4.703142	0.004489	0.011608	0.009879	0.267269	0.001196	0.017431	0.000614	0.249841
4.741627	0.004391	0.011598	0.018862	0.267437	0.001262	0.006337	0.000537	0.249575
4.763552	0.004452	0.011394	0.012573	0.267331	0.001248	0.009837	0.000586	0.249803
4.709952	0.004530	0.011535	0.018013	0.267254	0.001228	0.007771	0.000525	0.249622
4.724220	0.004552	0.011512	0.011402	0.267351	0.001264	0.017373	0.000570	0.249840
4.765152	0.004520	0.011591	0.022050	0.267355	0.001267	0.016348	0.000650	0.249747
4.739582	0.004527	0.011326	0.011064	0.267416	0.001241	0.006674	0.000571	0.250014
4.698302	0.004430	0.011805	0.008340	0.267348	0.001264	0.009528	0.000653	0.249693
4.745846	0.004458	0.011411	0.011610	0.267462	0.001248	0.014585	0.000649	0.249932
4.755120	0.004541	0.011644	0.017745	0.267502	0.001172	0.011279	0.000574	0.249766
4.716586	0.004581	0.011419	0.009683	0.267560	0.001219	0.009225	0.000632	0.249958
4.725405	0.004440	0.011927	0.011176	0.267531	0.001279	0.015089	0.000618	0.249743
4.764272	0.004440	0.011404	0.011943	0.267652	0.001241	0.011373	0.000584	0.250062
4.733676	0.004387	0.011685	0.012403	0.267484	0.001189	0.011425	0.000711	0.250004
4.701316	0.004475	0.011528	0.013510	0.267659	0.001245	0.012027	0.000527	0.249888
4.742894	0.004593	0.011776	0.011630	0.267588	0.001220	0.017072	0.000646	0.249871
4.756966	0.004563	0.011426	0.014739	0.267720	0.001268	0.008564	0.000642	0.250000
4.708061	0.004472	0.011718	0.011684	0.267780	0.001253	0.012539	0.000559	0.250018
4.718714	0.004413	0.011708	0.021371	0.268005	0.001268	0.017702	0.000767	0.249805
4.765471	0.004563	0.011652	0.009048	0.267842	0.001182	0.010258	0.000647	0.250029
4.736326	0.004567	0.011605	0.009736	0.268088	0.001247	0.013039	0.000579	0.250022
4.715689	0.004538	0.011680	0.009462	0.268228	0.001312	0.010124	0.000638	0.250093
4.764088	0.004497	0.011702	0.017440	0.268292	0.001345	0.009198	0.000627	0.249843
4.759426	0.004554	0.011389	0.012864	0.268337	0.001188	0.012076	0.000541	0.250174
4.711404	0.004432	0.011657	0.008892	0.268259	0.001179	0.018257	0.000573	0.249793
4.728313	0.004468	0.011416	0.012206	0.268445	0.001181	0.014887	0.000593	0.250179
4.775718	0.004590	0.011665	0.014225	0.268422	0.001318	0.008538	0.000672	0.249958
4.735959	0.004559	0.011295	0.010445	0.268509	0.001231	0.009235	0.000623	0.250291
4.709234	0.004444	0.011769	0.008647	0.268491	0.001201	0.017808	0.000566	0.249929
4.755703	0.004442	0.011385	0.015824	0.268483	0.001248	0.011745	0.000661	0.250327
4.762003	0.004563	0.011576	0.011087	0.268177	0.001209	0.008803	0.000594	0.250060
4.711833	0.004524	0.011340	0.006047	0.268265	0.001264	0.008609	0.000596	0.250099
4.747784	0.004542	0.011745	0.015326	0.268179	0.001161	0.015998	0.000657	0.249946
4.772587	0.004466	0.011299	0.011189	0.268352	0.001292	0.014624	0.000579	0.250203
4.728666	0.004525	0.011633	0.012822	0.268200	0.001223	0.009640	0.000720	0.250113
4.717281	0.004441	0.011547	0.010481	0.268277	0.001238	0.014393	0.000641	0.250121
4.772210	0.004593	0.011660	0.014026	0.268357	0.001120	0.016016	0.000614	0.250246
4.744366	0.004522	0.011475	0.006703	0.268457	0.001270	0.006761	0.000679	0.250133
4.704911	0.004491	0.011662	0.014158	0.268291	0.001355	0.008839	0.000658	0.250297
4.750426	0.004445	0.011703	0.006708	0.268228	0.001250	0.011757	0.000621	0.250054
4.770277	0.004541	0.011388	0.008972	0.268188	0.001203	0.017631	0.000957	0.250273
4.715213	0.004485	0.011638	0.015991	0.268184	0.001237	0.012195	0.000557	0.250042
4.718247	0.004537	0.011405	0.012756	0.268193	0.001297	0.013375	0.000650	0.250166
4.771563	0.004535	0.011645	0.009871	0.268056	0.001306	0.010430	0.000633	0.250067
4.745690	0.004458	0.011310	0.011777	0.268188	0.001325	0.005390	0.000545	0.250257
4.712666	0.004431	0.011853	0.006849	0.268180	0.001201	0.015932	0.001225	0.250020
4.744266	0.004485	0.011359	0.007206	0.268262	0.001167	0.014273	0.000650	0.250251
4.770610	0.004618	0.011611	0.015016	0.268267	0.001168	0.011382	0.000592	0.250078
4.715360	0.004535	0.011288	0.011865	0.268330	0.001270	0.003759	0.000658	0.250353
4.734158	0.004485	0.011827	0.008770	0.268187	0.001253	0.011013	0.000627	0.250178
4.778051	0.004440	0.011455	0.008911	0.268180	0.001241	0.017632	0.000627	0.250381
4.739554	0.004470	0.011591	0.011638	0.268178	0.001197	0.015840	0.000804	0.250175
4.715157	0.004477	0.011481	0.010506	0.268257	0.001212	0.013107	0.000566	0.250134
4.766204	0.004574	0.011669	0.006587	0.268129	0.001247	0.016346	0.000695	0.250222
4.756980	0.004518	0.011421	0.012922	0.268099	0.001258	0.018908	0.000641	0.250196
4.715785	0.004422	0.011644	0.012785	0.268137	0.001241	0.014663	0.000594	0.250378
4.742994	0.004460	0.011708	0.015195	0.268109	0.001233	0.013621	0.001074	0.250123
4.771464	0.004525	0.011536	0.007128	0.268097	0.001135	0.013271	0.000567	0.250400
4.723146	0.004548	0.011790	0.012759	0.268103	0.001224	0.009913	0.000656	0.250093
4.716028	0.004515	0.011558	0.014020	0.268178	0.001338	0.013502	0.000697	0.250148
4.770063	0.004466	0.011761	0.014636	0.268149	0.001242	0.022863	0.000580	0.250039
4.753716	0.004456	0.011438	0.009578	0.268295	0.001212	0.014226	0.000623	0.250422
4.707349	0.004454	0.011916	0.012352	0.268108	0.001229	0.008189	0.000654	0.250006
4.744969	0.004559	0.011455	0.011426	0.268309	0.001312	0.014570	0.000642	0.250338
4.776964	0.004552	0.011743	0.014150	0.268306	0.001245	0.009065	0.000690	0.250177
4.713025	0.004452	0.011486	0.011432	0.268402	0.001274	0.020091	0.000637	0.250388
4.727725	0.004478	0.011962	0.015283	0.268274	0.001261	0.011620	0.000666	0.250217
4.772680	0.004438	0.011525	0.008379	0.268431	0.001160	0.007590	0.000913	0.250430
4.744324	0.004531	0.011620	0.009713	0.268301	0.001165	0.014218	0.000579	0.250405
4.708077	0.004485	0.011665	0.008972	0.268318	0.001240	0.006353	0.000696	0.250243
4.759506	0.004486	0.011657	0.011418	0.268239	0.001337	0.016173	0.000697	0.250352
4.761816	0.004463	0.011602	0.013536	0.268283	0.001133	0.010198	0.000607	0.250270
4.710564	0.004374	0.011675	0.012792	0.268290	0.001281	0.008547	0.000962	0.250558
4.735880	0.004451	0.011811	0.014682	0.268208	0.001250	0.013073	0.000611	0.250227
4.770850	0.004557	0.011631	0.010871	0.268306	0.001145	0.008610	0.000702	0.250549
4.735308	0.004510	0.011731	0.011498	0.268374	0.001234	0.010130	0.000684	0.250323
4.702489	0.004415	0.011586	0.007636	0.268450	0.001270	0.008930	0.000648	0.250478
4.758713	0.004388	0.011881	0.014073	0.268136	0.001203	0.014876	0.000728	0.250230
4.760791	0.004546	0.011531	0.013145	0.268232	0.001185	0.009495	0.000739	0.250641
4.710300	0.004459	0.011961	0.007467	0.268164	0.001252	0.013613	0.000574	0.250332
4.744360	0.004562	0.011666	0.013726	0.268596	0.001252	0.010490	0.000758	0.250615
4.780078	0.004502	0.011748	0.012244	0.268503	0.001261	0.007024	0.000666	0.250404
4.721316	0.004440	0.011512	0.011178	0.268588	0.001183	0.012743	0.000670	0.250633
4.729246	0.004502	0.012023	0.007669	0.268561	0.001207	0.007792	0.000926	0.250355
4.775852	0.004494	0.011569	0.011753	0.268681	0.001185	0.007370	0.000629	0.250499
4.740469	0.004577	0.011723	0.007369	0.268709	0.001144	0.010381	0.000687	0.250451
4.715436	0.004468	0.011742	0.006732	0.268847	0.001237	0.016300	0.000666	0.250326
4.755343	0.004477	0.011859	0.008306	0.268874	0.001105	0.009927	0.000662	0.250409
4.773974	0.004467	0.011616	0.016088	0.268974	0.001175	0.007525	0.000842	0.250420
4.725537	0.004507	0.011752	0.008708	0.269041	0.001173	0.017136	0.000694	0.250549
4.732003	0.004451	0.011892	0.007774	0.269023	0.001176	0.015047	0.000660	0.250266
4.774005	0.004546	0.011683	0.007339	0.269075	0.001260	0.010320	0.000684	0.250473
4.749072	0.004441	0.011587	0.014734	0.269127	0.001185	0.006298	0.000626	0.250265
4.711234	0.004481	0.011690	0.015465	0.269160	0.001186	0.019275	0.000754	0.250570
4.754817	0.004440	0.011909	0.010824	0.269086	0.001157	0.012491	0.000762	0.250174
4.789984	0.004537	0.011573	0.005059	0.269218	0.001134	0.004005	0.000644	0.250664
4.736930	0.004555	0.011778	0.014777	0.269182	0.001232	0.010469	0.000681	0.250283
4.734276	0.004569	0.011724	0.010051	0.269364	0.001321	0.013649	0.000722	0.250681
4.779470	0.004416	0.011910	0.009088	0.269260	0.001235	0.013728	0.000663	0.250290
4.753696	0.004440	0.011481	0.012499	0.269364	0.001190	0.004389	0.001160	0.250815
4.715627	0.004409	0.011995	0.008148	0.269370	0.001197	0.007482	0.000579	0.250400
4.755292	0.004546	0.011660	0.019738	0.269537	0.001262	0.019929	0.000728	0.250672
4.778814	0.004608	0.011781	0.012426	0.269268	0.001232	0.014312	0.000702	0.250417
4.736061	0.004468	0.011524	0.014049	0.269540	0.001218	0.012887	0.000582	0.250745
4.732453	0.004482	0.012020	0.014403	0.269514	0.001217	0.004754	0.000799	0.250434
4.783739	0.004517	0.011581	0.013072	0.269690	0.001165	0.013473	0.000740	0.250619
4.762634	0.004562	0.011790	0.011301	0.269470	0.001260	0.014977	0.000632	0.250548
4.713915	0.004543	0.011754	0.009938	0.269441	0.001230	0.010687	0.000721	0.250583
4.742018	0.004510	0.012052	0.008487	0.269448	0.001224	0.014407	0.000690	0.250484
4.777304	0.004439	0.011698	0.015064	0.269502	0.001196	0.007440	0.000700	0.250700
4.748009	0.004465	0.011982	0.010289	0.269308	0.001129	0.006073	0.001019	0.250543
4.711498	0.004475	0.011896	0.009248	0.269459	0.001155	0.011343	0.000729	0.250573
4.739199	0.004605	0.012171	0.013765	0.269527	0.001268	0.014206	0.000790	0.250497
4.773699	0.004513	0.011762	0.008534	0.269702	0.001199	0.006186	0.000709	0.250716
4.724605	0.004511	0.011975	0.006718	0.269574	0.001223	0.013184	0.000653	0.250555
4.716693	0.004475	0.011997	0.010389	0.269547	0.001212	0.016659	0.001093	0.250461
4.758399	0.004536	0.011993	0.014109	0.269487	0.001176	0.007758	0.000732	0.250593
4.758330	0.004598	0.011882	0.010951	0.269406	0.001284	0.009538	0.000716	0.250533
4.705412	0.004575	0.012228	0.009353	0.269251	0.001235	0.011338	0.000723	0.250637
4.740769	0.004442	0.012210	0.008582	0.269125	0.001223	0.017036	0.000660	0.250284
4.768791	0.004481	0.011947	0.014982	0.269222	0.001201	0.011668	0.000914	0.250804
4.708091	0.004396	0.012248	0.013259	0.269035	0.001219	0.011556	0.000753	0.250457
4.716792	0.004561	0.012053	0.013797	0.269282	0.001179	0.012775	0.000719	0.250770
4.768140	0.004567	0.012213	0.014542	0.269251	0.001201	0.015055	0.000736	0.250458
4.740446	0.004517	0.011859	0.013107	0.269387	0.001260	0.006614	0.000698	0.250953
4.711483	0.004472	0.012374	0.006202	0.269406	0.001177	0.014151	0.000765	0.250396
4.752855	0.004462	0.012029	0.014273	0.269519	0.001210	0.006810	0.000953	0.250832
4.760940	0.004582	0.012127	0.013688	0.269486	0.001127	0.009470	0.000670	0.250537
4.703289	0.004553	0.012000	0.013796	0.269462	0.001199	0.010136	0.000745	0.250791
4.734377	0.004536	0.012385	0.008952	0.269409	0.001235	0.015364	0.000747	0.250492
4.771701	0.004505	0.012073	0.009905	0.269505	0.001146	0.008384	0.000713	0.250792
4.732337	0.004525	0.012137	0.013649	0.269645	0.001199	0.006594	0.001162	0.250654
4.707154	0.004524	0.012158	0.009383	0.269661	0.001204	0.015390	0.000775	0.250442
4.746975	0.004572	0.012212	0.009680	0.269790	0.001171	0.011794	0.000703	0.250562
4.759496	0.004573	0.011986	0.007406	0.269833	0.001242	0.006930	0.000802	0.250625
4.716105	0.004552	0.012165	0.007441	0.269894	0.001264	0.007851	0.000701	0.250693
4.734249	0.004466	0.012186	0.010299	0.269957	0.001205	0.009734	0.000866	0.250452
4.778540	0.004521	0.011962	0.007980	0.270075	0.001143	0.012081	0.000929	0.250766
4.736446	0.004544	0.012033	0.008040	0.270086	0.001199	0.014322	0.000719	0.250479
