#header text header text texty text text
4.628957	0.003423	0.012473	0.018454	0.231164	0.000889	0.009931	0.001024	0.215907
4.667388	0.003425	0.012108	0.015869	0.231177	0.000824	0.014517	0.001220	0.216466
4.631857	0.003623	0.012256	0.014081	0.231263	0.000926	0.013559	0.001171	0.216035
4.603746	0.003516	0.012150	0.016481	0.231318	0.000857	0.012136	0.001034	0.216508
4.636309	0.003485	0.012437	0.020788	0.231454	0.000984	0.003844	0.001156	0.215893
4.660142	0.003457	0.012057	0.012617	0.231348	0.000953	0.019271	0.001126	0.216407
4.624281	0.003517	0.012292	0.013611	0.231432	0.000875	0.010626	0.001137	0.216048
4.601871	0.003466	0.012249	0.026938	0.231414	0.000779	0.008786	0.001227	0.216425
4.644024	0.003523	0.012468	0.018026	0.231542	0.000815	0.019083	0.001085	0.215982
4.661974	0.003513	0.012098	0.010739	0.231335	0.000928	0.011007	0.001003	0.216432
4.604220	0.003548	0.012332	0.020466	0.231542	0.000917	0.011214	0.001015	0.216197
4.616519	0.003399	0.012233	0.014486	0.231492	0.000908	0.011422	0.001136	0.216391
4.656880	0.003428	0.012383	0.007416	0.231669	0.000838	0.005792	0.001211	0.216142
4.643555	0.003526	0.011974	0.010136	0.231474	0.000951	0.010849	0.001115	0.216364
4.598361	0.003568	0.012445	0.018485	0.231669	0.000866	0.009022	0.001037	0.216325
4.636318	0.003444	0.012305	0.014980	0.231617	0.000880	0.008638	0.001142	0.216269
4.662233	0.003435	0.012326	0.009784	0.231837	0.000838	0.006447	0.001046	0.216368
4.625360	0.003386	0.012014	0.014974	0.231477	0.000893	0.010700	0.001181	0.216303
4.604049	0.003458	0.012486	0.013421	0.231819	0.000831	0.013647	0.001121	0.216474
4.657095	0.003559	0.012288	0.014040	0.231682	0.000886	0.013686	0.001115	0.216144
4.653055	0.003529	0.012228	0.007452	0.231781	0.000868	0.013972	0.001099	0.216549
4.608356	0.003455	0.012200	0.017334	0.231591	0.000947	0.011217	0.001131	0.216197
4.619018	0.003420	0.012463	0.002993	0.231804	0.000763	0.017303	0.001172	0.216608
4.667350	0.003394	0.012226	0.005670	0.231689	0.000830	0.011490	0.001252	0.216177
4.640077	0.003504	0.012270	0.010692	0.231747	0.000781	0.006215	0.001144	0.216664
4.605431	0.003460	0.012312	0.010679	0.231712	0.000982	0.007190	0.001130	0.216238
4.628616	0.003382	0.012516	0.013987	0.231836	0.000853	0.013494	0.001094	0.216625
4.672790	0.003357	0.012119	0.013808	0.231771	0.000969	0.010130	0.001162	0.216249
4.630098	0.003452	0.012282	0.013651	0.231928	0.000858	0.020168	0.001285	0.216812
4.601016	0.003447	0.012304	0.014152	0.231770	0.000901	0.009049	0.001199	0.216266
4.638135	0.003454	0.012505	0.010598	0.232049	0.000848	0.012854	0.001190	0.216738
4.673337	0.003484	0.012142	0.014244	0.231871	0.000926	0.013977	0.001069	0.216291
4.626118	0.003417	0.012310	0.016477	0.231946	0.000686	0.010147	0.001089	0.216781
4.608083	0.003346	0.012354	0.017384	0.231909	0.000962	0.011475	0.001289	0.216214
4.653426	0.003383	0.012502	0.014539	0.232082	0.000791	0.008587	0.001207	0.216705
4.656068	0.003564	0.012167	0.010618	0.231699	0.001011	0.008127	0.001120	0.216322
4.611233	0.003494	0.012399	0.013300	0.231840	0.000825	0.013796	0.001056	0.216903
4.621948	0.003439	0.012382	0.009343	0.231862	0.000879	0.010333	0.001138	0.216109
4.666119	0.003329	0.012279	0.013315	0.231938	0.000825	0.004780	0.001123	0.216917
4.633283	0.003502	0.012179	0.016542	0.231776	0.000813	0.011789	0.001270	0.216274
4.602493	0.003386	0.012349	0.013631	0.231935	0.000668	0.010564	0.001145	0.216975
4.650159	0.003400	0.012313	0.007889	0.231909	0.000952	0.008729	0.001203	0.216053
4.660738	0.003386	0.012137	0.013882	0.231814	0.000845	0.008832	0.001063	0.216921
4.623960	0.003356	0.012242	0.015266	0.231907	0.000905	0.009917	0.001069	0.216154
4.616528	0.003255	0.012241	0.019648	0.232095	0.000753	0.008045	0.001281	0.216991
4.665495	0.003458	0.012298	0.014228	0.232072	0.000877	0.006312	0.001236	0.216178
4.652151	0.003485	0.012049	0.010811	0.231931	0.000972	0.012655	0.001139	0.216993
4.597313	0.003478	0.012468	0.005202	0.232174	0.000894	0.010032	0.001173	0.216372
4.635770	0.003304	0.012332	0.014803	0.232303	0.000914	0.014104	0.001176	0.217117
4.675387	0.003390	0.012212	0.015472	0.232402	0.000917	0.018090	0.001209	0.216447
4.625843	0.003377	0.012008	0.018834	0.232563	0.000901	0.016442	0.001293	0.217282
4.618032	0.003327	0.012254	0.015796	0.233009	0.000841	0.006694	0.001141	0.216676
4.663528	0.003276	0.012008	0.015135	0.233393	0.000918	0.007480	0.001155	0.217211
4.683021	0.003242	0.011809	0.010354	0.233679	0.000907	0.010122	0.001079	0.216675
4.630402	0.003071	0.011662	0.017487	0.233699	0.000885	0.009063	0.001121	0.217276
4.635125	0.003223	0.012188	0.015104	0.234102	0.000791	0.007587	0.001268	0.216929
4.684161	0.003207	0.011767	0.011581	0.234005	0.000923	0.013660	0.001181	0.217226
4.673269	0.003266	0.011816	0.011807	0.234150	0.000790	0.012465	0.000995	0.216921
4.628022	0.003161	0.011559	0.008609	0.234239	0.000949	0.013321	0.001029	0.217184
4.658977	0.003129	0.011957	0.008201	0.234403	0.000826	0.011410	0.001050	0.216785
4.694271	0.003054	0.011440	0.016164	0.234270	0.000902	0.012785	0.001229	0.216915
4.656363	0.003179	0.011628	0.019026	0.234249	0.000840	0.010259	0.001142	0.216768
4.638191	0.003151	0.011595	0.015175	0.234107	0.000911	0.009521	0.001113	0.216848
4.681065	0.003167	0.011791	0.008152	0.234452	0.000864	0.005438	0.001060	0.216789
4.702269	0.003096	0.011293	0.010460	0.234248	0.000819	0.012324	0.001076	0.216917
4.646949	0.003122	0.011544	0.020505	0.234556	0.000795	0.015629	0.001101	0.216973
4.657136	0.002927	0.011260	0.011736	0.234759	0.000902	0.008979	0.001154	0.216984
4.701072	0.003003	0.011380	0.013970	0.235029	0.000802	0.010339	0.001019	0.217130
4.701057	0.003057	0.011018	0.013745	0.234752	0.001001	0.018131	0.001052	0.217098
4.652459	0.002902	0.011345	0.013608	0.235049	0.000823	0.008115	0.001004	0.217220
4.689184	0.002907	0.011160	0.006318	0.235163	0.000907	0.010112	0.001105	0.216850
4.727377	0.002942	0.011199	0.009472	0.235483	0.000764	0.015809	0.001208	0.217309
4.682561	0.002910	0.010815	0.015195	0.235551	0.000996	0.016051	0.001014	0.216965
4.663774	0.002872	0.011122	0.010790	0.235916	0.000803	0.014531	0.000946	0.217408
4.714335	0.002842	0.010885	0.009253	0.235916	0.000935	0.012361	0.001029	0.216711
4.732720	0.002819	0.010904	0.010912	0.236096	0.000775	0.018280	0.000987	0.217283
4.680998	0.002870	0.010757	0.018093	0.235882	0.000996	0.009991	0.001061	0.216953
4.679548	0.002860	0.011070	0.012224	0.236325	0.000724	0.007355	0.001015	0.217581
4.719297	0.003159	0.011024	0.016960	0.236533	0.000922	0.012722	0.000999	0.217008
4.707499	0.003303	0.011099	0.015053	0.237004	0.000995	0.014205	0.000951	0.217690
4.651080	0.003365	0.011155	0.017351	0.237215	0.000934	0.007368	0.001015	0.217017
4.660907	0.003408	0.011508	0.011761	0.237844	0.000893	0.011275	0.001071	0.217409
4.699956	0.003668	0.011316	0.007036	0.238317	0.000876	0.010682	0.001209	0.216930
4.680113	0.003763	0.011377	0.006955	0.238959	0.000904	0.009349	0.001022	0.217701
4.648084	0.003690	0.011196	0.011681	0.239991	0.000887	0.013356	0.000934	0.216952
4.687179	0.003651	0.011206	0.014181	0.240747	0.000881	0.003699	0.000977	0.217698
4.719105	0.003619	0.010870	0.015397	0.240633	0.000920	0.009570	0.000889	0.216918
4.674175	0.003523	0.010821	0.014093	0.241499	0.000830	0.017322	0.001125	0.217602
4.677997	0.003743	0.010786	0.016781	0.242713	0.000842	0.016012	0.000961	0.216604
4.736193	0.003751	0.010551	0.013505	0.243218	0.000909	0.011418	0.000915	0.217281
4.720379	0.003739	0.010430	0.011702	0.243552	0.000940	0.010486	0.000814	0.216747
4.697406	0.003217	0.010104	0.010838	0.244546	0.000903	0.008104	0.000765	0.217496
4.766918	0.003227	0.010169	0.013615	0.246079	0.000794	0.012297	0.000834	0.216792
4.781551	0.003251	0.009610	0.015441	0.246407	0.000941	0.009458	0.001103	0.217127
4.720632	0.003323	0.009950	0.007476	0.246949	0.000887	0.011018	0.000771	0.216644
4.748860	0.003297	0.009491	0.009254	0.248099	0.001045	0.011922	0.000777	0.216814
4.802817	0.003427	0.009471	0.009407	0.250357	0.000840	0.008715	0.000789	0.216518
4.780022	0.003330	0.009123	0.020411	0.250398	0.000942	0.012111	0.000780	0.216626
4.729245	0.003416	0.009578	0.011843	0.250330	0.000915	0.014127	0.001042	0.216188
4.782568	0.003477	0.009292	0.016241	0.251226	0.000921	0.014361	0.000963	0.216156
4.810399	0.003659	0.009266	0.018310	0.252701	0.001029	0.015503	0.000757	0.216152
4.772531	0.003614	0.008747	0.004167	0.253968	0.000972	0.013196	0.000723	0.216336
4.768126	0.003483	0.008984	0.003965	0.255561	0.000871	0.010156	0.000716	0.216302
4.826372	0.003511	0.008629	0.017035	0.255927	0.000950	0.013032	0.000888	0.216260
4.822646	0.003604	0.008797	0.007585	0.256142	0.000951	0.015219	0.001110	0.216299
4.774617	0.003739	0.008560	0.013029	0.257030	0.001000	0.006626	0.000733	0.216295
4.804559	0.003604	0.008653	0.011078	0.258864	0.000924	0.016497	0.000748	0.216452
4.860984	0.003615	0.008177	0.017255	0.260244	0.000976	0.014076	0.000824	0.216255
4.826615	0.003441	0.008063	0.019400	0.262219	0.000943	0.010761	0.000813	0.216709
4.805693	0.003486	0.007901	0.009051	0.264576	0.001000	0.016898	0.000929	0.216577
4.863466	0.003583	0.007941	0.009602	0.266818	0.001051	0.014577	0.000989	0.216878
4.876395	0.003732	0.007534	0.008307	0.268502	0.001016	0.016560	0.000847	0.216670
4.836205	0.003522	0.007582	0.018474	0.270515	0.000924	0.012801	0.000890	0.217117
4.857400	0.003560	0.007644	0.009942	0.271549	0.000983	0.007151	0.000893	0.216752
4.897399	0.003568	0.007413	0.014665	0.273174	0.000942	0.015363	0.000926	0.217311
4.869202	0.003563	0.007254	0.015259	0.275261	0.001059	0.013835	0.001172	0.217073
4.860410	0.003609	0.007156	0.016326	0.276395	0.001156	0.010408	0.000997	0.217544
4.903819	0.003691	0.007184	0.015479	0.276612	0.001021	0.022288	0.000908	0.216941
4.918687	0.003794	0.006682	0.011957	0.277929	0.001029	0.020200	0.000995	0.217529
4.864526	0.003759	0.006821	0.010038	0.277809	0.001030	0.007498	0.000959	0.217147
4.880822	0.003690	0.006825	0.015849	0.275044	0.000987	0.010932	0.001056	0.217368
4.926511	0.003813	0.007085	0.011275	0.272722	0.001073	0.012412	0.001090	0.217020
4.905548	0.003834	0.006581	0.014636	0.274641	0.001114	0.031933	0.000939	0.217750
4.871202	0.003822	0.007059	0.007922	0.275925	0.001038	0.017128	0.000972	0.217520
4.890768	0.004097	0.007269	0.007203	0.274462	0.001077	0.014947	0.000936	0.217432
4.881518	0.004439	0.007980	0.009627	0.273189	0.001022	0.011768	0.001009	0.217126
4.848386	0.004480	0.007370	0.009479	0.276548	0.001084	0.018402	0.001195	0.217444
4.881836	0.004564	0.007458	0.012661	0.282927	0.000989	0.014095	0.001051	0.217616
4.913473	0.004645	0.006993	0.010460	0.287079	0.001130	0.023029	0.001099	0.217579
4.882786	0.004691	0.007128	0.010015	0.288571	0.001071	0.013613	0.001119	0.217813
4.858640	0.004622	0.007151	0.008176	0.287763	0.001153	0.016274	0.001171	0.217481
4.910825	0.004916	0.007157	0.007082	0.293743	0.001128	0.016511	0.001312	0.217591
4.896970	0.005356	0.007031	0.012944	0.299956	0.001275	0.012155	0.001462	0.217276
4.865470	0.005093	0.006824	0.015205	0.303071	0.001187	0.014122	0.001309	0.217698
4.900781	0.004874	0.006843	0.010431	0.305024	0.001241	0.017034	0.001406	0.217347
4.949423	0.004491	0.006313	0.006876	0.310876	0.001191	0.023113	0.001397	0.217916
4.920822	0.004500	0.005931	0.018336	0.316525	0.001277	0.012246	0.001602	0.217818
4.930262	0.004566	0.005469	0.018824	0.325395	0.001413	0.019099	0.001786	0.218150
4.974878	0.004812	0.005674	0.011647	0.323201	0.001295	0.016401	0.001612	0.217700
4.955958	0.004560	0.005486	0.011432	0.316427	0.001296	0.013432	0.001448	0.217865
4.929601	0.004454	0.005710	0.018391	0.314521	0.001252	0.005703	0.001417	0.217723
4.954159	0.004650	0.005384	0.013312	0.313094	0.001286	0.015132	0.001490	0.217963
4.974616	0.004526	0.005889	0.011361	0.311226	0.001114	0.010517	0.001593	0.217570
4.903384	0.004170	0.006036	0.018530	0.303500	0.001307	0.013105	0.001367	0.217720
4.899993	0.003958	0.006551	0.012881	0.292832	0.001104	0.016313	0.001142	0.217541
4.933629	0.003876	0.006351	0.011673	0.287524	0.001140	0.023536	0.001103	0.217594
4.926819	0.003683	0.006763	0.005822	0.279986	0.000998	0.017212	0.001009	0.217723
4.880561	0.003515	0.006643	0.010183	0.275150	0.001078	0.010569	0.001160	0.217883
4.898691	0.003510	0.007185	0.012869	0.269492	0.000979	0.008891	0.000955	0.217890
4.919380	0.003526	0.007114	0.012599	0.267134	0.001090	0.014085	0.000872	0.217879
4.860491	0.003461	0.007431	0.008334	0.265172	0.000999	0.012431	0.000881	0.218355
4.835831	0.003405	0.007774	0.004134	0.264088	0.000944	0.014176	0.000841	0.217937
4.886778	0.003367	0.007992	0.007464	0.264122	0.000906	0.010141	0.001029	0.218332
4.861568	0.003545	0.007874	0.008825	0.265518	0.000993	0.016419	0.001007	0.217925
4.820126	0.003501	0.007819	0.010751	0.266338	0.000926	0.012934	0.000800	0.218322
4.857935	0.003540	0.008100	0.013452	0.266036	0.000912	0.020721	0.000904	0.217674
4.888170	0.003402	0.007723	0.009665	0.266831	0.000960	0.013255	0.000914	0.218260
4.848492	0.003477	0.007789	0.007356	0.266281	0.000901	0.012778	0.000914	0.217948
4.850799	0.003448	0.007571	0.009841	0.265483	0.000975	0.015890	0.001169	0.218232
4.889989	0.003568	0.007786	0.012040	0.264641	0.000965	0.015346	0.000899	0.217788
4.882276	0.003500	0.007397	0.009364	0.265210	0.001017	0.014743	0.000861	0.218239
4.852043	0.003455	0.007612	0.012486	0.265375	0.001016	0.010525	0.000842	0.217902
4.886283	0.003413	0.007320	0.011144	0.266007	0.000955	0.014304	0.000858	0.218179
4.914510	0.003557	0.007449	0.009255	0.267724	0.000950	0.012414	0.001103	0.217871
4.873886	0.003518	0.007015	0.008973	0.269915	0.001025	0.006398	0.000901	0.218332
4.858098	0.003856	0.007181	0.012257	0.272558	0.000909	0.017559	0.000925	0.218138
4.909717	0.003855	0.006952	0.011446	0.273107	0.001064	0.015514	0.000947	0.218091
4.887849	0.003718	0.007075	0.015380	0.273439	0.000852	0.013215	0.000865	0.218221
4.853025	0.003737	0.006912	0.011286	0.274367	0.001024	0.012340	0.001066	0.218372
4.883806	0.003850	0.007248	0.011725	0.275746	0.000984	0.017477	0.001090	0.218577
4.918136	0.003983	0.006926	0.021297	0.277315	0.001107	0.019760	0.000974	0.218420
4.873920	0.003947	0.006906	0.015767	0.278669	0.000956	0.016697	0.000990	0.218677
4.864482	0.003928	0.006822	0.012153	0.280732	0.000994	0.014154	0.001025	0.218555
4.922822	0.003935	0.006773	0.008770	0.282397	0.001000	0.013295	0.000989	0.218723
4.917157	0.004028	0.006566	0.013020	0.282237	0.001113	0.018239	0.001237	0.218553
4.879817	0.003975	0.006586	0.011933	0.283350	0.001069	0.006207	0.001057	0.218819
4.901311	0.004165	0.006599	0.014624	0.287141	0.001086	0.011985	0.001106	0.218468
4.934143	0.004058	0.006340	0.011624	0.290034	0.001048	0.018327	0.001099	0.218856
4.901106	0.004033	0.006436	0.023203	0.288181	0.001071	0.011495	0.001106	0.218701
4.879766	0.003871	0.006541	0.012427	0.285393	0.001050	0.011026	0.001209	0.219015
4.923437	0.004005	0.006840	0.010615	0.283856	0.001067	0.011675	0.001244	0.218597
4.904703	0.004003	0.006600	0.010431	0.281945	0.001072	0.009102	0.001022	0.219043
4.862899	0.003972	0.006891	0.010980	0.281539	0.001040	0.011982	0.001060	0.218736
4.902857	0.003896	0.006615	0.012306	0.280439	0.000994	0.014423	0.001111	0.218821
4.925738	0.003875	0.006691	0.018762	0.279595	0.001031	0.013645	0.001090	0.218737
4.887220	0.003840	0.006414	0.010333	0.276176	0.001056	0.014541	0.001177	0.218929
4.886240	0.003829	0.006885	0.008813	0.273537	0.001011	0.014355	0.000933	0.218728
4.929677	0.003886	0.006611	0.009562	0.271883	0.000969	0.019396	0.000966	0.218528
4.888496	0.003846	0.006763	0.009252	0.269764	0.000924	0.018392	0.000923	0.218750
4.870451	0.003778	0.006922	0.008920	0.268085	0.000939	0.012731	0.000951	0.218438
4.911732	0.003691	0.006897	0.012759	0.268093	0.000971	0.013334	0.001149	0.218791
4.910417	0.003792	0.006804	0.017041	0.267802	0.000934	0.012775	0.000946	0.218483
4.858393	0.003798	0.006793	0.012624	0.267839	0.000985	0.016852	0.000861	0.218834
4.896145	0.003856	0.007155	0.015470	0.267992	0.000915	0.016746	0.000925	0.218439
4.926283	0.003752	0.006730	0.012810	0.268590	0.000951	0.012833	0.000911	0.218800
4.874944	0.003811	0.006886	0.010204	0.269232	0.000950	0.012903	0.001057	0.218487
4.885101	0.003760	0.006648	0.009019	0.269262	0.001075	0.016058	0.001122	0.218605
4.928218	0.003828	0.006941	0.007436	0.268672	0.000910	0.015793	0.000896	0.218431
4.894873	0.003904	0.006665	0.016813	0.268436	0.001055	0.012865	0.000881	0.218690
4.867343	0.003693	0.006943	0.010623	0.269300	0.000962	0.016829	0.000879	0.218542
4.922265	0.003789	0.006766	0.014859	0.270271	0.000897	0.020108	0.000988	0.218446
4.901144	0.003763	0.006844	0.014434	0.269355	0.000961	0.007940	0.001140	0.218631
4.855039	0.003779	0.006901	0.019321	0.268022	0.000940	0.012410	0.000900	0.218500
4.895491	0.003769	0.007091	0.011211	0.267224	0.000888	0.017399	0.000859	0.218788
4.920973	0.003709	0.006900	0.019486	0.267551	0.000914	0.017321	0.000924	0.218537
4.876756	0.003755	0.006761	0.015993	0.267445	0.000960	0.012461	0.000900	0.218863
4.862972	0.003675	0.007108	0.012444	0.267405	0.000915	0.008931	0.001136	0.218530
4.907323	0.003800	0.006936	0.008532	0.266348	0.000948	0.019945	0.000967	0.218855
4.905271	0.003775	0.006964	0.009682	0.266293	0.000910	0.024432	0.000813	0.218596
4.866699	0.003652	0.006856	0.007148	0.266392	0.000930	0.015278	0.000905	0.219063
4.886122	0.003641	0.007299	0.012620	0.266207	0.000905	0.014329	0.000901	0.218637
4.908360	0.003677	0.006994	0.018563	0.265197	0.000987	0.019350	0.000979	0.219033
4.871897	0.003682	0.007106	0.010150	0.264987	0.001009	0.009024	0.001018	0.218802
4.869933	0.003740	0.006868	0.012871	0.265495	0.000997	0.021038	0.000815	0.218887
4.914630	0.003811	0.007190	0.006189	0.265990	0.000901	0.026855	0.000888	0.218642
4.885583	0.003679	0.006859	0.019108	0.266182	0.000896	0.017740	0.000838	0.218836
4.844724	0.003572	0.007272	0.009865	0.266673	0.000891	0.010474	0.000966	0.218740
4.890077	0.003680	0.007001	0.013354	0.267567	0.000973	0.017664	0.001149	0.218609
4.921390	0.003821	0.007044	0.016936	0.269380	0.001001	0.016999	0.000879	0.218541
4.875665	0.003918	0.006728	0.015239	0.270631	0.000897	0.013731	0.000913	0.218528
4.871494	0.003792	0.006961	0.014322	0.272001	0.001014	0.013741	0.000936	0.218533
4.926774	0.003761	0.006778	0.012381	0.273362	0.000863	0.015659	0.001034	0.218323
4.901795	0.003833	0.006785	0.011780	0.273416	0.000975	0.018513	0.001184	0.218580
4.869606	0.003786	0.006780	0.013509	0.273482	0.000997	0.017529	0.001058	0.218277
4.913506	0.003860	0.006730	0.019910	0.274630	0.000930	0.020287	0.000941	0.218469
4.929016	0.004009	0.006661	0.011934	0.275124	0.000907	0.018367	0.000982	0.218233
4.883848	0.003777	0.006464	0.007590	0.276500	0.001029	0.011982	0.000901	0.218545
4.897245	0.003777	0.006800	0.010798	0.277529	0.000956	0.012800	0.001023	0.218131
4.939390	0.003935	0.006423	0.017769	0.277691	0.001017	0.017902	0.001183	0.218438
4.892695	0.003916	0.006606	0.014329	0.279158	0.000951	0.012158	0.000979	0.218308
4.886822	0.003941	0.006337	0.012209	0.280494	0.001043	0.016332	0.001017	0.218515
4.930674	0.003983	0.006609	0.014709	0.281339	0.001018	0.019018	0.001072	0.218284
4.915043	0.003916	0.006313	0.020732	0.281442	0.001018	0.010567	0.001052	0.218461
4.869948	0.003775	0.006600	0.015142	0.281573	0.001034	0.016728	0.001255	0.218390
4.918462	0.003968	0.006460	0.016547	0.282143	0.001050	0.015650	0.001089	0.218337
4.930658	0.004005	0.006535	0.016027	0.281297	0.000968	0.015650	0.000990	0.218503
4.887325	0.004006	0.006456	0.011524	0.281238	0.000969	0.009578	0.001049	0.218532
4.899007	0.003913	0.006483	0.012462	0.281874	0.001024	0.014896	0.001006	0.218607
4.947129	0.003948	0.006287	0.017807	0.281923	0.001011	0.015043	0.001170	0.218409
4.939543	0.004019	0.006115	0.019918	0.281646	0.001062	0.013722	0.001171	0.218733
4.890972	0.004029	0.006164	0.009324	0.280955	0.000941	0.016397	0.001024	0.218658
4.932786	0.004095	0.006072	0.019638	0.280425	0.000959	0.014607	0.000951	0.218796
4.951305	0.004092	0.006090	0.011770	0.280516	0.000960	0.017814	0.001073	0.218558
4.900929	0.003955	0.006102	0.011365	0.280780	0.001024	0.012944	0.001101	0.218883
4.892079	0.003865	0.006550	0.006510	0.279615	0.000997	0.013332	0.001213	0.218628
4.935822	0.003896	0.006402	0.010465	0.278692	0.001042	0.022136	0.001017	0.218854
4.911016	0.003916	0.006523	0.007566	0.278485	0.000898	0.015123	0.000995	0.218710
4.878133	0.003832	0.006356	0.021611	0.278677	0.000999	0.007980	0.000950	0.219000
4.916178	0.003845	0.006680	0.011447	0.278115	0.000898	0.015739	0.000927	0.218746
4.932921	0.003871	0.006292	0.015861	0.276835	0.001083	0.016681	0.001173	0.219038
4.893958	0.003837	0.006540	0.015647	0.275254	0.001088	0.015412	0.000962	0.219004
4.900052	0.003873	0.006422	0.017042	0.273221	0.001037	0.014216	0.000934	0.219224
4.927652	0.003838	0.006724	0.013013	0.271660	0.000948	0.016353	0.000939	0.219008
4.913067	0.003875	0.006363	0.015510	0.271025	0.000910	0.013599	0.000934	0.219207
4.872833	0.003728	0.006745	0.010917	0.270728	0.000880	0.013239	0.001092	0.219238
4.891539	0.003702	0.006806	0.016086	0.270009	0.001026	0.011168	0.001034	0.219245
4.915418	0.003770	0.007068	0.011567	0.269269	0.000976	0.016898	0.000857	0.219294
4.873491	0.003883	0.006960	0.012049	0.269012	0.000971	0.016312	0.001037	0.219367
4.855805	0.003649	0.007356	0.011995	0.269200	0.000937	0.013650	0.000867	0.219505
4.885160	0.003755	0.007357	0.009412	0.268788	0.000984	0.023544	0.001022	0.219110
4.888336	0.003686	0.007274	0.019460	0.268018	0.000976	0.015533	0.001189	0.219480
4.827167	0.003789	0.007554	0.011584	0.267312	0.000961	0.016544	0.000880	0.219249
4.862776	0.003800	0.007458	0.013207	0.267218	0.000897	0.020464	0.000900	0.219583
4.891724	0.003784	0.007490	0.012930	0.267831	0.000917	0.012231	0.000876	0.219253
4.840906	0.003691	0.007169	0.008971	0.268344	0.000971	0.025389	0.000968	0.219564
4.849177	0.003662	0.007483	0.005873	0.269197	0.000862	0.009419	0.001134	0.219167
4.891367	0.003849	0.007171	0.015927	0.270019	0.000991	0.016389	0.000987	0.219433
4.878976	0.003792	0.007295	0.014988	0.269788	0.000926	0.016069	0.000915	0.219181
4.834800	0.003674	0.007065	0.013633	0.270085	0.000977	0.020073	0.000908	0.219443
4.882767	0.003678	0.007443	0.009569	0.270337	0.000913	0.017507	0.000882	0.219161
4.900479	0.003707	0.007038	0.012788	0.269739	0.000970	0.019684	0.001128	0.219381
4.857724	0.003759	0.007211	0.013196	0.269000	0.000982	0.011183	0.001013	0.219274
4.847066	0.003735	0.007036	0.010215	0.268324	0.001026	0.020705	0.000869	0.219403
4.898217	0.003745	0.007353	0.016724	0.267697	0.000903	0.016656	0.000963	0.219143
4.890131	0.003755	0.006880	0.008625	0.267335	0.000809	0.014002	0.000911	0.219349
4.846884	0.003594	0.007147	0.010639	0.267634	0.000865	0.013790	0.000927	0.219345
4.878531	0.003613	0.006912	0.011621	0.268433	0.000968	0.020997	0.001099	0.219171
4.910141	0.003768	0.006956	0.014675	0.269819	0.000997	0.019282	0.000885	0.219220
4.878044	0.003868	0.006812	0.009339	0.270881	0.000917	0.014783	0.000918	0.219292
4.862967	0.003701	0.007028	0.012875	0.270921	0.000932	0.014971	0.000916	0.219274
4.913422	0.003711	0.007068	0.015659	0.270266	0.000878	0.017018	0.000937	0.219058
4.889325	0.003764	0.007003	0.016029	0.269792	0.000994	0.013557	0.001139	0.219354
4.841074	0.003706	0.007147	0.014694	0.270055	0.000972	0.021773	0.000964	0.219210
4.900170	0.003708	0.007012	0.012359	0.270269	0.000968	0.018224	0.000883	0.219318
4.910897	0.003879	0.006922	0.012626	0.270062	0.000811	0.016501	0.000910	0.219107
4.862807	0.003636	0.006780	0.006990	0.269580	0.000993	0.013644	0.000856	0.219480
4.859234	0.003601	0.007118	0.012934	0.269564	0.000928	0.014450	0.000983	0.219141
4.915276	0.003640	0.006687	0.005868	0.269859	0.000964	0.019231	0.001068	0.219294
4.881389	0.003839	0.006962	0.017666	0.270244	0.001021	0.018501	0.000798	0.219290
4.849400	0.003707	0.006842	0.013978	0.270626	0.000925	0.015977	0.000922	0.219396
4.887753	0.003705	0.007187	0.022182	0.271809	0.000895	0.018204	0.000947	0.219151
4.907716	0.003722	0.006722	0.015559	0.272003	0.001023	0.018027	0.000973	0.219358
4.858511	0.003705	0.007015	0.013546	0.272167	0.000910	0.016219	0.001219	0.219261
4.876423	0.003745	0.006998	0.010751	0.272657	0.000975	0.018121	0.000926	0.219161
4.916656	0.003796	0.006974	0.017156	0.274293	0.000931	0.016818	0.000899	0.219261
4.884345	0.003789	0.006761	0.013791	0.275482	0.000968	0.014229	0.000915	0.219362
4.858559	0.003676	0.007040	0.015705	0.275476	0.000953	0.010717	0.000957	0.219381
4.901703	0.003725	0.006973	0.010835	0.276175	0.000936	0.016645	0.001102	0.219202
4.910917	0.003726	0.006785	0.011963	0.277116	0.001053	0.018463	0.000942	0.219416
4.863312	0.003843	0.006814	0.012906	0.277778	0.000954	0.008828	0.000874	0.219265
4.879955	0.003755	0.006944	0.007893	0.277444	0.000918	0.012716	0.000910	0.219361
4.909654	0.003739	0.007062	0.010765	0.276270	0.000912	0.024249	0.000948	0.219080
4.883973	0.003733	0.006925	0.018654	0.274900	0.000985	0.011315	0.001008	0.219440
4.842186	0.003702	0.007145	0.015400	0.276042	0.000896	0.012132	0.001135	0.219265
4.896152	0.003724	0.006966	0.012349	0.276650	0.001035	0.019145	0.000938	0.219346
4.913897	0.003878	0.006999	0.014171	0.276786	0.000885	0.018283	0.000988	0.219129
4.875803	0.003807	0.006862	0.007565	0.275992	0.000939	0.009788	0.000967	0.219547
4.853177	0.003655	0.007124	0.011276	0.274975	0.000894	0.014572	0.000940	0.219324
4.898045	0.003738	0.006990	0.009504	0.274083	0.000976	0.019047	0.001259	0.219495
4.895251	0.003819	0.007061	0.014596	0.273959	0.000983	0.018182	0.000970	0.219352
4.854158	0.003771	0.006905	0.013135	0.274810	0.000957	0.018320	0.000951	0.219632
4.862940	0.003764	0.007291	0.011338	0.274840	0.000852	0.023141	0.000985	0.219388
4.897898	0.003708	0.007038	0.014862	0.274589	0.000965	0.022356	0.000937	0.219573
4.873281	0.003741	0.007148	0.024161	0.273517	0.000869	0.021289	0.001172	0.219420
4.840037	0.003605	0.006952	0.009302	0.273066	0.001015	0.021959	0.001050	0.219674
4.873316	0.003704	0.007268	0.018075	0.273242	0.000881	0.022705	0.000884	0.219396
4.910616	0.003851	0.006731	0.019569	0.273617	0.001016	0.016321	0.000901	0.219649
4.858932	0.003738	0.007055	0.007184	0.273718	0.000883	0.008629	0.000849	0.219560
4.859910	0.003680	0.006944	0.011580	0.273070	0.000979	0.012106	0.001016	0.219591
4.902140	0.003698	0.007194	0.010569	0.273592	0.000876	0.019650	0.001053	0.219418
4.885965	0.003823	0.006829	0.010942	0.274465	0.001019	0.009756	0.000954	0.219755
4.851272	0.003861	0.007169	0.016899	0.274742	0.000996	0.011178	0.000947	0.219614
4.878976	0.003747	0.006926	0.012284	0.275225	0.000893	0.017847	0.000887	0.219541
4.903583	0.003679	0.007098	0.014647	0.274955	0.000926	0.018357	0.000919	0.219473
4.866130	0.003725	0.006849	0.010484	0.274807	0.000955	0.016731	0.001342	0.219643
4.853955	0.003676	0.007117	0.016472	0.275532	0.000893	0.015577	0.000939	0.219563
4.899061	0.003809	0.006866	0.013440	0.276228	0.000911	0.013480	0.000902	0.219491
4.896471	0.003836	0.006760	0.016357	0.276709	0.000901	0.010319	0.000868	0.219562
4.857350	0.003750	0.006824	0.012375	0.276250	0.000986	0.012132	0.000887	0.219677
4.875709	0.003614	0.007018	0.016391	0.276250	0.000956	0.017420	0.001115	0.219651
4.917318	0.003753	0.006834	0.011084	0.276004	0.000953	0.026711	0.001062	0.219552
4.876753	0.003855	0.006793	0.011012	0.275234	0.000942	0.012522	0.000877	0.219764
4.854351	0.003801	0.007116	0.014151	0.274938	0.000845	0.015761	0.000927	0.219576
4.895803	0.003769	0.007032	0.014968	0.275542	0.000900	0.023404	0.000980	0.219734
4.899935	0.003830	0.006992	0.011941	0.276644	0.000899	0.023820	0.000967	0.219608
4.854810	0.003718	0.006712	0.017123	0.277382	0.001061	0.013749	0.001197	0.219817
4.878672	0.003746	0.007034	0.014163	0.277807	0.000939	0.018219	0.000898	0.219534
4.917706	0.003898	0.006682	0.015638	0.277763	0.001019	0.018438	0.000953	0.219808
4.860410	0.003839	0.006882	0.013908	0.277669	0.000960	0.010489	0.000948	0.219727
4.869433	0.003634	0.006701	0.012190	0.276879	0.000973	0.016652	0.000957	0.219890
4.914661	0.003785	0.006908	0.008487	0.276694	0.000912	0.016169	0.001124	0.219611
4.906136	0.003818	0.006630	0.017327	0.276346	0.000982	0.012704	0.000977	0.219950
4.849926	0.003777	0.006956	0.017401	0.276487	0.000894	0.014984	0.000942	0.219847
4.883701	0.003769	0.006788	0.016803	0.275726	0.000998	0.020481	0.000993	0.219806
4.909737	0.003753	0.006872	0.019817	0.274661	0.000875	0.013893	0.000850	0.219859
4.873945	0.003725	0.006692	0.014852	0.273979	0.000931	0.017668	0.001064	0.219955
4.850710	0.003627	0.007017	0.011307	0.273760	0.000936	0.014608	0.000934	0.219927
4.896845	0.003844	0.006941	0.013661	0.274434	0.000927	0.018183	0.000899	0.219835
4.891289	0.003907	0.006851	0.014807	0.275673	0.000912	0.012347	0.000821	0.219954
4.857102	0.003794	0.006915	0.015730	0.276795	0.000924	0.019168	0.000894	0.219925
4.898488	0.003741	0.006838	0.012052	0.277149	0.000916	0.013307	0.000921	0.219980
4.906355	0.003726	0.006868	0.011325	0.276344	0.000955	0.020804	0.001122	0.219896
4.863375	0.003759	0.006678	0.007528	0.276027	0.001031	0.010533	0.000908	0.220179
4.877107	0.003839	0.006974	0.007359	0.275641	0.000938	0.019071	0.000904	0.219868
4.915128	0.003776	0.006520	0.020565	0.274610	0.000930	0.018028	0.000849	0.220092
4.885733	0.003771	0.006849	0.012603	0.274300	0.000915	0.013638	0.000836	0.220039
4.858870	0.003615	0.006652	0.011787	0.274266	0.000961	0.017191	0.001109	0.220188
4.906632	0.003726	0.006956	0.008135	0.274409	0.000945	0.013617	0.000897	0.219960
4.906731	0.003771	0.006548	0.015079	0.275189	0.000994	0.011398	0.000818	0.220254
4.858623	0.003780	0.006810	0.010770	0.275049	0.000962	0.012499	0.000841	0.220087
4.887469	0.003750	0.006748	0.011250	0.274617	0.000925	0.017149	0.000853	0.220027
4.912995	0.003687	0.006822	0.010258	0.274627	0.000954	0.009651	0.000989	0.220053
4.871086	0.003748	0.006833	0.019107	0.275652	0.000993	0.010212	0.001055	0.220153
4.868167	0.003639	0.006788	0.014149	0.277375	0.001028	0.018531	0.000865	0.220193
4.906378	0.003857	0.006744	0.012746	0.279216	0.000954	0.019717	0.000967	0.219926
4.897644	0.003771	0.006614	0.009757	0.280163	0.000986	0.017482	0.000858	0.220178
4.864366	0.003735	0.006934	0.012591	0.280865	0.000923	0.018051	0.000923	0.220092
4.905204	0.003694	0.006495	0.010377	0.281649	0.001079	0.021091	0.001178	0.220094
4.919543	0.003794	0.006556	0.009866	0.281698	0.000997	0.017850	0.000904	0.220027
4.874239	0.003795	0.006476	0.014368	0.280996	0.001062	0.012212	0.000848	0.220249
4.891720	0.003817	0.006882	0.010638	0.279766	0.000924	0.023652	0.000948	0.220015
4.927966	0.003707	0.006465	0.012575	0.280054	0.000923	0.016260	0.000801	0.220334
4.890642	0.003716	0.006596	0.016700	0.280548	0.001012	0.006885	0.001046	0.220253
4.888593	0.003764	0.006483	0.010543	0.281182	0.001031	0.023525	0.000998	0.220278
4.923573	0.003767	0.006497	0.015396	0.281243	0.001046	0.017223	0.000854	0.220205
4.892573	0.003941	0.006406	0.010890	0.281122	0.000961	0.016075	0.000857	0.220342
4.864209	0.003691	0.006556	0.011398	0.280791	0.001062	0.017717	0.000825	0.220336
4.923738	0.003804	0.006507	0.011459	0.281326	0.000959	0.013547	0.000923	0.220199
4.909538	0.003810	0.006281	0.022561	0.281367	0.001081	0.018274	0.001240	0.220392
4.864354	0.003797	0.006563	0.007975	0.280782	0.001029	0.015234	0.000836	0.220339
4.904460	0.003797	0.006440	0.015415	0.280349	0.001005	0.018877	0.000868	0.220386
4.928442	0.003942	0.006524	0.008683	0.280442	0.001005	0.017622	0.000801	0.220335
4.879646	0.003696	0.006337	0.012057	0.281317	0.001085	0.014232	0.000900	0.220478
4.878690	0.003705	0.006628	0.010043	0.283079	0.001036	0.012260	0.001105	0.220164
4.926889	0.003783	0.006250	0.016821	0.284159	0.001151	0.019261	0.000994	0.220430
4.904813	0.003969	0.006377	0.016739	0.284504	0.001012	0.018233	0.000803	0.220418
4.870859	0.003880	0.006263	0.013574	0.283403	0.000936	0.007678	0.000880	0.220540
4.910674	0.003804	0.006528	0.010358	0.282238	0.000966	0.016335	0.000823	0.220360
4.925572	0.003768	0.006352	0.009850	0.281436	0.001017	0.019711	0.001060	0.220546
4.879599	0.003757	0.006548	0.013639	0.280960	0.001037	0.013054	0.000972	0.220502
4.879869	0.003768	0.006543	0.009349	0.280848	0.000914	0.013288	0.000817	0.220489
4.920815	0.003891	0.006569	0.006777	0.281633	0.000973	0.019958	0.000865	0.220461
4.894506	0.003916	0.006407	0.010918	0.284019	0.000925	0.019873	0.000783	0.220578
4.874781	0.003791	0.006292	0.015625	0.285550	0.001063	0.015057	0.000982	0.220461
4.906051	0.003825	0.006330	0.013874	0.285024	0.001052	0.020046	0.001200	0.220406
4.930036	0.003876	0.006376	0.018774	0.284346	0.001034	0.019530	0.000882	0.220438
4.883940	0.003938	0.006411	0.007267	0.285718	0.000989	0.017588	0.000810	0.220388
4.878865	0.003876	0.006316	0.015879	0.288961	0.000992	0.013279	0.000905	0.220483
4.942912	0.004001	0.006123	0.012800	0.289960	0.001023	0.015930	0.000921	0.220446
