#header text header text texty text text
4.631005	0.003630	0.008644	0.010384	0.175613	0.000601	0.009799	0.000328	0.191463
4.619432	0.003688	0.008972	0.016221	0.176497	0.000527	0.013008	0.000377	0.190887
4.653324	0.003717	0.008681	0.010280	0.177129	0.000451	0.013639	0.000371	0.191049
4.682740	0.003739	0.008707	0.012565	0.177498	0.000518	0.020644	0.000409	0.190969
4.704225	0.003648	0.008678	0.010653	0.177779	0.000564	0.016000	0.000340	0.191088
4.673870	0.003618	0.008487	0.014219	0.178078	0.000597	0.007471	0.000329	0.191114
4.632169	0.003635	0.008860	0.017421	0.178150	0.000485	0.014893	0.000344	0.190979
4.625900	0.003681	0.008650	0.016394	0.178379	0.000554	0.014484	0.000364	0.191108
4.645522	0.003746	0.008821	0.011087	0.178592	0.000649	0.010938	0.000413	0.190982
4.682229	0.003615	0.008907	0.006049	0.178713	0.000596	0.012481	0.000356	0.191179
4.704629	0.003694	0.008557	0.009277	0.178942	0.000558	0.010932	0.000372	0.191157
4.690573	0.003640	0.008748	0.013419	0.178977	0.000553	0.011521	0.000435	0.191164
4.656207	0.003735	0.008659	0.013911	0.178978	0.000517	0.018562	0.000370	0.191260
4.629434	0.003735	0.008713	0.007710	0.179147	0.000610	0.023077	0.000413	0.191161
4.621208	0.003652	0.008981	0.016912	0.179183	0.000623	0.016869	0.000433	0.191111
4.655636	0.003631	0.008691	0.008134	0.179336	0.000593	0.009859	0.000391	0.191269
4.680649	0.003667	0.008872	0.008279	0.179494	0.000556	0.009149	0.000677	0.191099
4.702291	0.003750	0.008711	0.004748	0.179450	0.000496	0.021325	0.000384	0.191264
4.682530	0.003690	0.008547	0.016629	0.179608	0.000650	0.022403	0.000409	0.191410
4.658808	0.003624	0.008909	0.012055	0.179572	0.000574	0.013335	0.000394	0.191299
4.627787	0.003617	0.008740	0.014852	0.179620	0.000596	0.016344	0.000409	0.191466
4.635041	0.003671	0.008834	0.011600	0.179855	0.000668	0.017057	0.000455	0.191271
4.651607	0.003699	0.009012	0.012348	0.179799	0.000492	0.014400	0.000402	0.191362
4.679659	0.003758	0.008588	0.007635	0.180004	0.000553	0.018980	0.000365	0.191417
4.701579	0.003671	0.008798	0.011725	0.180037	0.000610	0.011467	0.000438	0.191411
4.688401	0.003686	0.008688	0.018005	0.179957	0.000557	0.016135	0.000409	0.191529
4.661363	0.003660	0.008620	0.009938	0.180155	0.000535	0.007161	0.000358	0.191578
4.628397	0.003616	0.009044	0.012691	0.180124	0.000596	0.011141	0.000432	0.191493
4.633193	0.003729	0.008743	0.013618	0.180178	0.000627	0.015433	0.000351	0.191600
4.648334	0.003615	0.008884	0.010477	0.180320	0.000592	0.012240	0.000418	0.191452
4.689824	0.003626	0.008914	0.007197	0.180296	0.000639	0.013124	0.000402	0.191595
4.707170	0.003627	0.008602	0.013352	0.180426	0.000608	0.017776	0.000360	0.191702
4.692815	0.003583	0.008854	0.014293	0.180416	0.000523	0.018915	0.000830	0.191590
4.650306	0.003677	0.008777	0.014049	0.180431	0.000600	0.017062	0.000353	0.191763
4.630443	0.003697	0.008757	0.008817	0.180553	0.000637	0.009228	0.000400	0.191643
4.631204	0.003607	0.009134	0.014235	0.180477	0.000603	0.010854	0.000437	0.191693
4.650987	0.003668	0.008737	0.010265	0.180640	0.000638	0.014042	0.000398	0.191797
4.690239	0.003605	0.008891	0.011239	0.180712	0.000593	0.016387	0.000632	0.191689
4.710305	0.003724	0.008769	0.011395	0.180689	0.000526	0.010818	0.000370	0.191855
4.688211	0.003777	0.008609	0.012286	0.180782	0.000544	0.022943	0.000412	0.191933
4.642986	0.003598	0.009029	0.020981	0.180683	0.000601	0.020283	0.000445	0.191857
4.629249	0.003623	0.008794	0.012704	0.180790	0.000646	0.009603	0.000388	0.192051
4.644435	0.003573	0.009009	0.008876	0.180917	0.000583	0.016200	0.000444	0.191813
4.677401	0.003635	0.008979	0.012575	0.180916	0.000574	0.016524	0.000457	0.191870
4.703106	0.003701	0.008671	0.011221	0.180978	0.000639	0.010917	0.000387	0.192010
4.702042	0.003659	0.008890	0.012325	0.180977	0.000499	0.021390	0.000454	0.191998
4.671836	0.003609	0.008762	0.016225	0.181026	0.000614	0.005240	0.000391	0.192147
4.646667	0.003596	0.008810	0.016153	0.181092	0.000570	0.006254	0.000343	0.192082
4.626522	0.003610	0.009161	0.012864	0.181045	0.000562	0.012972	0.000411	0.192070
4.648854	0.003671	0.008806	0.007597	0.181181	0.000594	0.014290	0.000383	0.192198
4.672404	0.003678	0.009062	0.013072	0.181209	0.000574	0.009535	0.000461	0.192031
4.695477	0.003644	0.008830	0.010570	0.181202	0.000559	0.014775	0.000410	0.192166
4.703343	0.003623	0.008658	0.011160	0.181312	0.000648	0.014102	0.000384	0.192309
4.658171	0.003607	0.009017	0.012587	0.181233	0.000557	0.015733	0.000467	0.192324
4.642651	0.003690	0.008839	0.012402	0.181314	0.000582	0.011363	0.000398	0.192364
4.619044	0.003631	0.008992	0.015187	0.181406	0.000617	0.018816	0.000427	0.192198
4.644102	0.003646	0.009125	0.007138	0.181342	0.000599	0.009377	0.000435	0.192242
4.675163	0.003641	0.008775	0.011886	0.181499	0.000712	0.015786	0.000390	0.192421
4.701379	0.003644	0.008913	0.008351	0.181502	0.000559	0.022608	0.000476	0.192306
4.693295	0.003671	0.008794	0.013644	0.181493	0.000566	0.016072	0.000384	0.192511
4.655276	0.003705	0.008881	0.015129	0.181589	0.000655	0.023851	0.000419	0.192454
4.629907	0.003654	0.009199	0.007114	0.181494	0.000599	0.015227	0.000460	0.192431
4.641570	0.003679	0.008838	0.011175	0.181639	0.000654	0.019634	0.000427	0.192584
4.665944	0.003601	0.009120	0.015441	0.181674	0.000551	0.012215	0.000352	0.192350
4.698023	0.003635	0.008870	0.006166	0.181626	0.000600	0.005467	0.000490	0.192488
4.704289	0.003682	0.008722	0.016207	0.181769	0.000607	0.018716	0.000401	0.192606
4.675584	0.003695	0.009051	0.012469	0.181674	0.000514	0.014334	0.000407	0.192583
4.629100	0.003611	0.008830	0.020357	0.181771	0.000619	0.008255	0.000431	0.192735
4.628404	0.003558	0.009117	0.011780	0.181809	0.000609	0.015679	0.000355	0.192418
4.650274	0.003628	0.009056	0.007433	0.181846	0.000611	0.015562	0.000629	0.192617
4.696279	0.003699	0.008854	0.013170	0.181916	0.000603	0.010657	0.000433	0.192690
4.702773	0.003699	0.009065	0.008924	0.181896	0.000581	0.007988	0.000397	0.192691
4.685798	0.003664	0.008710	0.012664	0.182061	0.000580	0.010874	0.000454	0.192857
4.646271	0.003604	0.009079	0.017622	0.182045	0.000674	0.014931	0.000411	0.192752
4.622176	0.003643	0.009117	0.011925	0.182059	0.000617	0.018689	0.000391	0.192832
4.639178	0.003656	0.008975	0.011963	0.182265	0.000635	0.013055	0.000434	0.192828
4.687765	0.003655	0.009300	0.010586	0.182133	0.000586	0.011844	0.000435	0.192849
4.707545	0.003698	0.008818	0.013555	0.182256	0.000639	0.016283	0.000467	0.192909
4.697195	0.003580	0.008955	0.016926	0.182234	0.000611	0.022198	0.000437	0.192949
4.665142	0.003603	0.009057	0.012777	0.182265	0.000598	0.014866	0.000408	0.192994
4.637597	0.003611	0.008888	0.012428	0.182378	0.000626	0.016432	0.000498	0.192986
4.631687	0.003649	0.009253	0.009162	0.182302	0.000571	0.009630	0.000388	0.192875
4.663949	0.003740	0.009021	0.014944	0.182466	0.000642	0.011819	0.000460	0.193039
4.695441	0.003639	0.009060	0.006453	0.182497	0.000671	0.014740	0.000455	0.193034
4.701796	0.003629	0.009011	0.011621	0.182474	0.000649	0.013047	0.000392	0.193088
4.679058	0.003612	0.008771	0.013390	0.182471	0.000597	0.017164	0.000501	0.193210
4.637780	0.003655	0.009168	0.011013	0.182423	0.000522	0.015059	0.000408	0.192971
4.631785	0.003705	0.008943	0.018115	0.182518	0.000574	0.008728	0.000396	0.193127
4.659993	0.003690	0.009182	0.009378	0.182670	0.000685	0.020256	0.000489	0.193007
4.692504	0.003639	0.009133	0.009830	0.182601	0.000654	0.013592	0.000437	0.193118
4.715177	0.003614	0.008859	0.008522	0.182689	0.000612	0.017132	0.000421	0.193290
4.678349	0.003673	0.009087	0.013825	0.182614	0.000536	0.018402	0.000421	0.193122
4.650031	0.003669	0.008983	0.010870	0.182624	0.000606	0.014450	0.000437	0.193208
4.622011	0.003616	0.009075	0.016950	0.182674	0.000694	0.013692	0.000444	0.193125
4.644617	0.003541	0.009347	0.012575	0.182625	0.000637	0.015912	0.000458	0.193175
4.676076	0.003606	0.009004	0.009523	0.182761	0.000616	0.011692	0.000376	0.193392
4.700065	0.003614	0.009162	0.008596	0.182753	0.000600	0.009132	0.000602	0.193198
4.706120	0.003711	0.009012	0.011898	0.182749	0.000527	0.017093	0.000387	0.193279
4.689335	0.003728	0.008888	0.013228	0.182843	0.000585	0.015380	0.000473	0.193502
4.659470	0.003636	0.009262	0.012542	0.182764	0.000672	0.009751	0.000394	0.193290
4.631207	0.003612	0.009036	0.010755	0.182797	0.000668	0.014372	0.000402	0.193381
4.638986	0.003570	0.009239	0.012991	0.182880	0.000649	0.011623	0.000684	0.193196
4.672157	0.003639	0.009323	0.011273	0.182817	0.000547	0.011008	0.000433	0.193358
4.694498	0.003734	0.008990	0.008463	0.183028	0.000601	0.017852	0.000449	0.193452
4.711314	0.003628	0.009132	0.007383	0.182900	0.000638	0.013692	0.000487	0.193417
4.684844	0.003639	0.008990	0.010030	0.182909	0.000632	0.024846	0.000352	0.193527
4.649908	0.003594	0.009051	0.022889	0.183017	0.000563	0.012519	0.000539	0.193530
4.628568	0.003608	0.009368	0.013414	0.182999	0.000594	0.007995	0.000427	0.193430
4.645160	0.003706	0.009114	0.008898	0.183065	0.000626	0.015883	0.000428	0.193625
4.678749	0.003593	0.009283	0.007018	0.183147	0.000680	0.017137	0.000485	0.193421
4.696703	0.003617	0.009129	0.013734	0.183148	0.000608	0.005380	0.000392	0.193555
4.703934	0.003585	0.008956	0.015243	0.183223	0.000640	0.018037	0.000429	0.193786
4.665630	0.003563	0.009214	0.011531	0.183185	0.000667	0.019905	0.000458	0.193617
4.640857	0.003714	0.009045	0.007285	0.183349	0.000549	0.016236	0.000427	0.193837
4.636836	0.003658	0.009282	0.010803	0.183480	0.000596	0.015071	0.000493	0.193582
4.659116	0.003660	0.009294	0.010932	0.183451	0.000641	0.014052	0.000424	0.193701
4.694017	0.003659	0.009056	0.007609	0.183591	0.000653	0.004934	0.000451	0.193797
4.703945	0.003652	0.009286	0.010282	0.183421	0.000583	0.013964	0.000814	0.193709
4.698211	0.003718	0.009027	0.013794	0.183597	0.000592	0.010859	0.000388	0.193916
4.649958	0.003590	0.009086	0.018032	0.183679	0.000683	0.018257	0.000466	0.193843
4.636344	0.003633	0.009436	0.009235	0.183572	0.000643	0.017201	0.000476	0.193787
4.638649	0.003580	0.009109	0.014016	0.183729	0.000662	0.006937	0.000424	0.194004
4.674318	0.003513	0.009399	0.009762	0.183748	0.000618	0.012596	0.000652	0.193765
4.699763	0.003693	0.009194	0.006290	0.183751	0.000610	0.018514	0.000485	0.193954
4.708261	0.003738	0.009062	0.011425	0.183851	0.000667	0.017008	0.000444	0.194071
4.692158	0.003641	0.009242	0.014043	0.183814	0.000637	0.016903	0.000475	0.193998
4.642769	0.003600	0.009081	0.010909	0.183930	0.000617	0.015700	0.000407	0.194198
4.631540	0.003593	0.009394	0.013867	0.183937	0.000589	0.013671	0.000579	0.193903
4.636149	0.003607	0.009408	0.013325	0.183906	0.000606	0.011138	0.000472	0.194028
4.677141	0.003676	0.009186	0.007490	0.184063	0.000673	0.015109	0.000454	0.194180
4.706379	0.003671	0.009344	0.011129	0.184007	0.000577	0.010608	0.000460	0.194024
4.699665	0.003617	0.009066	0.013643	0.184108	0.000623	0.009485	0.000419	0.194235
4.670391	0.003569	0.009159	0.012797	0.184052	0.000641	0.008317	0.000423	0.194182
4.631903	0.003552	0.009310	0.011079	0.184041	0.000639	0.018600	0.000503	0.194149
4.636147	0.003645	0.009242	0.006491	0.184203	0.000721	0.012363	0.000431	0.194399
4.664617	0.003634	0.009461	0.006362	0.184107	0.000568	0.011713	0.000473	0.194072
4.702878	0.003661	0.009164	0.009305	0.184274	0.000681	0.015651	0.000454	0.194325
4.707695	0.003620	0.009175	0.015656	0.184321	0.000622	0.013540	0.000417	0.194366
4.678204	0.003592	0.009268	0.016134	0.184287	0.000630	0.014546	0.000591	0.194397
4.637193	0.003589	0.009219	0.010257	0.184317	0.000654	0.007612	0.000459	0.194476
4.639224	0.003608	0.009597	0.006964	0.184327	0.000576	0.012922	0.000451	0.194361
4.675771	0.003721	0.009205	0.015357	0.184459	0.000640	0.010990	0.000482	0.194500
4.710451	0.003572	0.009300	0.013566	0.184469	0.000604	0.010550	0.000406	0.194402
4.707962	0.003609	0.009152	0.012992	0.184476	0.000566	0.016444	0.000450	0.194440
4.663072	0.003650	0.009165	0.013486	0.184548	0.000698	0.018407	0.000464	0.194678
4.639235	0.003709	0.009470	0.010742	0.184388	0.000616	0.009561	0.000422	0.194379
4.634960	0.003683	0.009353	0.011214	0.184541	0.000589	0.011275	0.000480	0.194706
4.667243	0.003575	0.009482	0.010286	0.184579	0.000643	0.007750	0.000444	0.194388
4.699180	0.003662	0.009323	0.007763	0.184642	0.000575	0.011387	0.000416	0.194473
4.708817	0.003600	0.009134	0.015352	0.184640	0.000611	0.017271	0.000598	0.194750
4.681812	0.003668	0.009370	0.009747	0.184583	0.000571	0.016567	0.000414	0.194590
4.659178	0.003685	0.009267	0.016015	0.184662	0.000544	0.018843	0.000482	0.194759
4.629023	0.003617	0.009448	0.012449	0.184711	0.000673	0.010423	0.000445	0.194517
4.643662	0.003646	0.009590	0.011660	0.184663	0.000656	0.010701	0.000451	0.194568
4.689346	0.003623	0.009314	0.010488	0.184867	0.000619	0.008832	0.000720	0.194843
4.707946	0.003621	0.009461	0.011070	0.184807	0.000555	0.006719	0.000447	0.194702
4.705803	0.003676	0.009213	0.010864	0.184870	0.000588	0.012931	0.000492	0.194837
4.665676	0.003592	0.009350	0.012877	0.184804	0.000649	0.012555	0.000473	0.194699
4.631203	0.003650	0.009513	0.009245	0.184881	0.000662	0.012792	0.000408	0.194772
4.646680	0.003639	0.009396	0.008618	0.184992	0.000624	0.010211	0.000547	0.194910
4.684888	0.003628	0.009537	0.010428	0.184928	0.000615	0.015399	0.000489	0.194679
4.716770	0.003786	0.009217	0.013857	0.185038	0.000600	0.007794	0.000448	0.195023
4.684112	0.003681	0.009432	0.015095	0.184987	0.000646	0.007694	0.000492	0.194880
4.648658	0.003643	0.009453	0.017186	0.184992	0.000648	0.011128	0.000493	0.194885
4.634211	0.003583	0.009370	0.014434	0.185100	0.000688	0.017814	0.000468	0.194895
4.671800	0.003655	0.009638	0.007622	0.185103	0.000618	0.012321	0.000557	0.194822
4.715373	0.003711	0.009294	0.004956	0.185189	0.000593	0.015487	0.000462	0.195136
4.703541	0.003681	0.009491	0.017717	0.185107	0.000572	0.009427	0.000486	0.194941
4.665180	0.003706	0.009284	0.010800	0.185137	0.000647	0.014305	0.000456	0.195072
4.638035	0.003589	0.009513	0.009236	0.185062	0.000673	0.010098	0.000429	0.194950
4.659681	0.003635	0.009620	0.012888	0.185328	0.000577	0.013529	0.000756	0.194918
4.683093	0.003601	0.009448	0.008562	0.185342	0.000563	0.006329	0.000443	0.195109
4.713369	0.003698	0.009512	0.014750	0.185326	0.000617	0.016037	0.000452	0.194984
4.687599	0.003676	0.009243	0.018996	0.185341	0.000624	0.007135	0.000503	0.195280
4.645496	0.003542	0.009548	0.017100	0.185355	0.000581	0.014083	0.000417	0.194988
4.637332	0.003666	0.009563	0.014277	0.185441	0.000631	0.009103	0.000531	0.195187
4.669379	0.003636	0.009589	0.010126	0.185411	0.000597	0.008600	0.000470	0.195119
4.702986	0.003767	0.009546	0.010408	0.185466	0.000614	0.007840	0.000460	0.195059
4.704389	0.003696	0.009277	0.016006	0.185511	0.000636	0.017901	0.000493	0.195409
4.673084	0.003597	0.009516	0.008652	0.185475	0.000628	0.007816	0.000439	0.195111
4.636732	0.003624	0.009511	0.015691	0.185546	0.000601	0.008620	0.000466	0.195316
4.642051	0.003539	0.009613	0.009003	0.185531	0.000635	0.012814	0.000515	0.195226
4.677847	0.003645	0.009615	0.011600	0.185650	0.000616	0.014121	0.000458	0.195125
4.705983	0.003670	0.009394	0.011864	0.185718	0.000641	0.014914	0.000498	0.195474
4.709984	0.003672	0.009476	0.014929	0.185626	0.000587	0.014495	0.000461	0.195203
4.665020	0.003612	0.009380	0.013111	0.185742	0.000636	0.011007	0.000382	0.195483
4.630489	0.003505	0.009630	0.018385	0.185699	0.000629	0.011506	0.000633	0.195339
4.646891	0.003669	0.009692	0.010546	0.185709	0.000623	0.015094	0.000485	0.195330
4.681928	0.003676	0.009536	0.014131	0.185859	0.000625	0.009005	0.000519	0.195492
4.713449	0.003687	0.009599	0.007842	0.185846	0.000602	0.020196	0.000462	0.195302
4.705898	0.003627	0.009305	0.011630	0.185834	0.000621	0.013151	0.000441	0.195606
4.667010	0.003601	0.009544	0.010947	0.185848	0.000557	0.011002	0.000651	0.195499
4.640043	0.003631	0.009661	0.016225	0.185893	0.000529	0.019229	0.000479	0.195443
4.641376	0.003644	0.009565	0.009235	0.185929	0.000635	0.009983	0.000430	0.195590
4.691538	0.003701	0.009708	0.007590	0.185941	0.000685	0.004030	0.000502	0.195286
4.711163	0.003571	0.009398	0.009783	0.186100	0.000609	0.014340	0.000473	0.195688
4.701487	0.003626	0.009532	0.011536	0.185934	0.000532	0.009297	0.000516	0.195502
4.668011	0.003675	0.009510	0.012482	0.186070	0.000561	0.016646	0.000752	0.195590
4.634376	0.003633	0.009499	0.011811	0.186144	0.000615	0.009206	0.000406	0.195691
4.650284	0.003679	0.009807	0.013778	0.186051	0.000631	0.011589	0.000474	0.195367
4.683806	0.003702	0.009562	0.012260	0.186216	0.000603	0.009716	0.000478	0.195795
4.706446	0.003686	0.009640	0.007529	0.186105	0.000563	0.008327	0.000467	0.195561
4.705520	0.003660	0.009482	0.013009	0.186218	0.000581	0.014835	0.000763	0.195718
4.657365	0.003605	0.009446	0.015866	0.186249	0.000593	0.010404	0.000442	0.195760
4.636430	0.003699	0.009758	0.016417	0.186178	0.000650	0.013015	0.000490	0.195517
4.649444	0.003634	0.009653	0.007873	0.186285	0.000634	0.009026	0.000523	0.195828
4.684221	0.003627	0.009763	0.011532	0.186299	0.000636	0.009319	0.000439	0.195550
4.706576	0.003695	0.009522	0.008292	0.186409	0.000570	0.010772	0.000530	0.195707
4.703524	0.003676	0.009549	0.011211	0.186418	0.000614	0.017163	0.000470	0.195896
4.659623	0.003746	0.009719	0.015715	0.186376	0.000580	0.019738	0.000424	0.195728
4.634751	0.003669	0.009545	0.014487	0.186440	0.000622	0.014786	0.000491	0.196102
4.656512	0.003654	0.009889	0.011626	0.186458	0.000675	0.007867	0.000499	0.195633
4.693246	0.003669	0.009649	0.008340	0.186544	0.000532	0.013969	0.000481	0.195928
4.708805	0.003623	0.009602	0.009036	0.186515	0.000568	0.014898	0.000638	0.195958
4.694919	0.003693	0.009616	0.016481	0.186541	0.000626	0.005088	0.000425	0.195845
4.657451	0.003696	0.009457	0.014135	0.186609	0.000582	0.014815	0.000492	0.196110
4.638079	0.003602	0.009784	0.008038	0.186536	0.000663	0.008003	0.000475	0.195800
4.640809	0.003645	0.009761	0.010963	0.186681	0.000576	0.011546	0.000459	0.196042
4.681867	0.003605	0.009818	0.009749	0.186687	0.000533	0.011385	0.000806	0.195923
4.710298	0.003713	0.009707	0.010775	0.186645	0.000573	0.010208	0.000474	0.195822
4.703893	0.003738	0.009491	0.010847	0.186749	0.000600	0.015151	0.000465	0.196227
4.675536	0.003658	0.009632	0.011192	0.186715	0.000616	0.015463	0.000508	0.195870
4.637449	0.003668	0.009675	0.014858	0.186730	0.000549	0.013419	0.000455	0.196191
4.638192	0.003568	0.009852	0.013712	0.186757	0.000555	0.014426	0.000629	0.196042
4.679345	0.003619	0.009898	0.011604	0.186840	0.000671	0.005738	0.000499	0.195846
4.703890	0.003708	0.009544	0.008715	0.186909	0.000564	0.013952	0.000471	0.196266
4.712005	0.003713	0.009623	0.009812	0.186819	0.000655	0.011616	0.000494	0.196030
4.687539	0.003665	0.009589	0.013177	0.186856	0.000595	0.004978	0.000475	0.196237
4.645317	0.003621	0.009667	0.007729	0.186924	0.000630	0.011408	0.000577	0.196180
4.638314	0.003677	0.009891	0.013781	0.186865	0.000550	0.012107	0.000615	0.196023
4.661239	0.003660	0.009691	0.006899	0.187079	0.000556	0.009715	0.000484	0.196409
4.698619	0.003680	0.009779	0.007995	0.187028	0.000550	0.018920	0.000482	0.196055
4.713429	0.003657	0.009601	0.015131	0.187138	0.000657	0.011930	0.000472	0.196285
4.699249	0.003619	0.009607	0.013453	0.187022	0.000572	0.013322	0.000449	0.196346
4.656972	0.003716	0.009753	0.017258	0.187038	0.000587	0.010842	0.000744	0.196128
4.634072	0.003667	0.009724	0.010639	0.187181	0.000608	0.008348	0.000399	0.196525
4.655798	0.003655	0.009941	0.009439	0.187084	0.000597	0.009546	0.000457	0.196071
4.687231	0.003741	0.009853	0.009071	0.187289	0.000614	0.011279	0.000509	0.196256
4.715347	0.003640	0.009751	0.011203	0.187220	0.000578	0.013638	0.000481	0.196491
4.702109	0.003667	0.009715	0.008352	0.187239	0.000557	0.017590	0.000581	0.196220
4.677500	0.003705	0.009618	0.016867	0.187300	0.000602	0.015302	0.000549	0.196616
4.637519	0.003634	0.009880	0.011716	0.187201	0.000629	0.007595	0.000456	0.196249
4.641865	0.003666	0.009946	0.010589	0.187361	0.000608	0.010975	0.000566	0.196400
4.676583	0.003635	0.009730	0.008344	0.187412	0.000590	0.006940	0.000462	0.196552
4.717441	0.003650	0.009853	0.012539	0.187401	0.000575	0.008087	0.000504	0.196254
4.709229	0.003642	0.009637	0.010616	0.187438	0.000593	0.002751	0.000741	0.196714
4.682896	0.003732	0.009672	0.011156	0.187356	0.000538	0.010197	0.000441	0.196476
4.643035	0.003726	0.009857	0.010142	0.187581	0.000664	0.012605	0.000491	0.196491
4.643791	0.003605	0.009776	0.015940	0.187634	0.000591	0.013297	0.000493	0.196661
4.665892	0.003681	0.009974	0.006678	0.187657	0.000600	0.019211	0.000465	0.196308
4.709774	0.003623	0.009697	0.009474	0.187831	0.000544	0.009920	0.000640	0.196733
4.711127	0.003678	0.009746	0.011350	0.187705	0.000572	0.005733	0.000448	0.196538
4.683910	0.003764	0.009749	0.012895	0.187785	0.000596	0.016955	0.000474	0.196693
4.641129	0.003635	0.009818	0.011397	0.187768	0.000612	0.008169	0.000500	0.196852
4.642508	0.003641	0.010060	0.011941	0.187825	0.000575	0.008549	0.000467	0.196357
4.670149	0.003627	0.009777	0.006432	0.187878	0.000580	0.010043	0.000617	0.196884
4.715082	0.003631	0.009845	0.007392	0.187864	0.000547	0.007929	0.000550	0.196498
4.712105	0.003737	0.009740	0.012163	0.187979	0.000537	0.011755	0.000499	0.196876
4.675527	0.003725	0.009734	0.013654	0.187852	0.000632	0.012537	0.000515	0.196782
4.641185	0.003669	0.010005	0.010263	0.187862	0.000597	0.016339	0.000466	0.196606
4.654915	0.003576	0.009803	0.014754	0.188059	0.000587	0.009143	0.000538	0.196899
4.684197	0.003639	0.010041	0.007115	0.188039	0.000608	0.013180	0.000645	0.196535
4.714170	0.003746	0.009775	0.009835	0.188098	0.000525	0.008605	0.000476	0.196804
4.714078	0.003712	0.009775	0.017406	0.188012	0.000665	0.013968	0.000506	0.196822
4.665342	0.003706	0.009858	0.016388	0.188032	0.000607	0.012723	0.000461	0.196799
4.638720	0.003632	0.009817	0.010876	0.188152	0.000592	0.010114	0.000488	0.197081
4.651732	0.003624	0.010092	0.009496	0.188164	0.000543	0.007394	0.000682	0.196634
4.683184	0.003619	0.009876	0.008895	0.188355	0.000556	0.014547	0.000447	0.197025
4.710537	0.003770	0.009815	0.012276	0.188238	0.000630	0.012619	0.000482	0.196752
4.702698	0.003677	0.009789	0.013760	0.188282	0.000619	0.012389	0.000510	0.196882
4.651935	0.003585	0.009753	0.011530	0.188249	0.000589	0.005767	0.000472	0.197092
4.638220	0.003696	0.010123	0.013489	0.188215	0.000552	0.006315	0.000712	0.196763
4.664472	0.003681	0.009911	0.006418	0.188435	0.000505	0.010170	0.000492	0.197221
4.706649	0.003716	0.009975	0.008037	0.188363	0.000587	0.008600	0.000465	0.196706
4.723747	0.003805	0.009822	0.011183	0.188472	0.000595	0.014646	0.000542	0.197101
4.685539	0.003650	0.009750	0.011198	0.188366	0.000590	0.011303	0.000479	0.197144
4.639791	0.003653	0.009987	0.018270	0.188465	0.000625	0.018573	0.000545	0.196978
4.641869	0.003644	0.009894	0.010853	0.188489	0.000596	0.010441	0.000584	0.197361
4.675705	0.003728	0.010117	0.020306	0.188498	0.000599	0.011183	0.000513	0.196798
4.704505	0.003698	0.009905	0.009752	0.188642	0.000520	0.009663	0.000509	0.197215
4.708277	0.003753	0.009804	0.015359	0.188567	0.000569	0.008986	0.000532	0.197066
4.674687	0.003644	0.009919	0.012032	0.188615	0.000534	0.008769	0.000490	0.197115
4.638981	0.003625	0.009880	0.015237	0.188664	0.000551	0.005805	0.000867	0.197320
4.643724	0.003665	0.010098	0.009619	0.188610	0.000570	0.010787	0.000465	0.196899
4.685373	0.003686	0.009908	0.005995	0.188757	0.000614	0.015684	0.000549	0.197384
4.714070	0.003695	0.009895	0.014289	0.188661	0.000623	0.007140	0.000576	0.197037
4.696873	0.003663	0.009854	0.014487	0.188837	0.000588	0.012370	0.000485	0.197311
4.648260	0.003610	0.009843	0.010522	0.188691	0.000569	0.011282	0.000772	0.197260
4.639870	0.003705	0.010154	0.014622	0.188851	0.000565	0.009402	0.000509	0.197024
4.680524	0.003711	0.010022	0.013356	0.188880	0.000539	0.016104	0.000489	0.197417
4.711083	0.003732	0.009999	0.011478	0.188861	0.000628	0.008823	0.000524	0.196975
4.717793	0.003646	0.009827	0.013464	0.188964	0.000495	0.013321	0.000452	0.197451
4.671776	0.003655	0.009858	0.011140	0.188838	0.000608	0.015457	0.000527	0.197121
4.639921	0.003605	0.010074	0.019058	0.189040	0.000553	0.004699	0.000570	0.197374
4.658276	0.003622	0.010033	0.015052	0.188989	0.000564	0.012228	0.000477	0.197356
4.682707	0.003761	0.010046	0.009576	0.189091	0.000657	0.013897	0.000525	0.197039
4.717552	0.003662	0.009818	0.008990	0.189112	0.000518	0.017679	0.000504	0.197616
4.696632	0.003647	0.009857	0.010678	0.188961	0.000580	0.015126	0.000512	0.197156
4.654714	0.003628	0.009942	0.009545	0.189213	0.000548	0.008999	0.000727	0.197519
4.643556	0.003694	0.010040	0.019878	0.189117	0.000567	0.012757	0.000537	0.197338
4.667540	0.003737	0.010174	0.015063	0.189314	0.000570	0.012218	0.000505	0.197223
4.716159	0.003704	0.009899	0.011206	0.188241	0.000638	0.008499	0.000500	0.197304
4.674618	0.003545	0.009887	0.017114	0.188809	0.000574	0.014955	0.000646	0.197720
4.639843	0.003623	0.009969	0.013326	0.188850	0.000598	0.011430	0.000495	0.197317
4.644067	0.003751	0.010098	0.008239	0.189131	0.000573	0.015614	0.000528	0.197432
4.688895	0.003666	0.009977	0.014552	0.189168	0.000576	0.008510	0.000550	0.197559
4.716141	0.003688	0.009994	0.007274	0.189206	0.000548	0.004012	0.000473	0.197167
4.703807	0.003658	0.009859	0.011031	0.189234	0.000543	0.017265	0.000586	0.197805
4.660373	0.003716	0.009977	0.013203	0.189193	0.000537	0.012645	0.000676	0.197275
4.637210	0.003676	0.010132	0.018001	0.189436	0.000478	0.012570	0.000483	0.197695
4.671662	0.003748	0.010135	0.013001	0.189354	0.000602	0.010220	0.000520	0.197377
4.711065	0.003658	0.010091	0.011375	0.189494	0.000596	0.007177	0.000477	0.197486
4.711143	0.003636	0.009851	0.012819	0.189426	0.000524	0.017443	0.000508	0.197750
4.678672	0.003663	0.009966	0.014987	0.189423	0.000585	0.014194	0.000821	0.197434
4.637639	0.003659	0.009998	0.011342	0.189596	0.000515	0.011745	0.000428	0.197953
4.652009	0.003736	0.010155	0.010573	0.189500	0.000657	0.010326	0.000579	0.197322
4.691470	0.003734	0.010110	0.009484	0.189743	0.000589	0.009714	0.000586	0.197662
4.716994	0.003661	0.009869	0.011669	0.189600	0.000556	0.007031	0.000496	0.197713
4.696845	0.003682	0.009973	0.009038	0.189680	0.000555	0.018571	0.000786	0.197542
4.650794	0.003672	0.009843	0.013918	0.189653	0.000528	0.006887	0.000534	0.197947
4.640815	0.003759	0.010264	0.013931	0.189645	0.000565	0.013461	0.000558	0.197454
4.673230	0.003690	0.010109	0.016625	0.189842	0.000625	0.005495	0.000551	0.197955
4.715916	0.003719	0.010036	0.007863	0.189722	0.000502	0.010191	0.000506	0.197576
4.717595	0.003704	0.010002	0.013974	0.189862	0.000524	0.010441	0.000560	0.197753
4.681259	0.003621	0.009874	0.014491	0.189794	0.000573	0.022144	0.000586	0.197962
4.639221	0.003731	0.010172	0.011779	0.189821	0.000586	0.010295	0.000483	0.197593
4.647346	0.003658	0.010093	0.010623	0.189929	0.000579	0.009288	0.000565	0.198071
4.698986	0.003670	0.010116	0.010068	0.189975	0.000598	0.008941	0.000493	0.197471
4.711771	0.003690	0.010067	0.008250	0.190084	0.000454	0.011587	0.000482	0.197896
4.706715	0.003639	0.009854	0.008769	0.189896	0.000553	0.016867	0.000817	0.197881
4.655807	0.003718	0.010123	0.011777	0.190011	0.000569	0.017197	0.000509	0.197746
4.641679	0.003673	0.010065	0.010591	0.190060	0.000639	0.008835	0.000521	0.198124
4.660752	0.003700	0.010284	0.011201	0.190132	0.000689	0.011134	0.000535	0.197443
4.698651	0.003652	0.010147	0.010300	0.190163	0.000500	0.011234	0.000513	0.198155
4.726553	0.003662	0.009957	0.013335	0.190057	0.000584	0.009878	0.000564	0.197798
4.689479	0.003694	0.010017	0.007855	0.190186	0.000497	0.011935	0.000540	0.197955
4.655464	0.003692	0.009887	0.007410	0.190113	0.000560	0.010026	0.000474	0.198207
4.639554	0.003746	0.010227	0.012451	0.190268	0.000598	0.008787	0.000509	0.197706
4.681696	0.003648	0.010153	0.008863	0.190340	0.000482	0.014587	0.000506	0.198226
4.712545	0.003651	0.009997	0.009354	0.190341	0.000578	0.008576	0.000569	0.197680
4.715881	0.003654	0.010079	0.017281	0.190420	0.000563	0.017412	0.000619	0.198182
4.675629	0.003701	0.009887	0.009336	0.190299	0.000584	0.010209	0.000507	0.198177
4.640303	0.003767	0.010292	0.011479	0.190355	0.000624	0.007263	0.000538	0.197961
4.653739	0.003650	0.010073	0.010554	0.190450	0.000554	0.011723	0.000498	0.198365
4.695481	0.003629	0.010170	0.008413	0.190484	0.000514	0.012207	0.000560	0.197697
4.718182	0.003696	0.010099	0.010994	0.190609	0.000459	0.012945	0.000706	0.198243
4.709044	0.003697	0.009953	0.011570	0.190413	0.000570	0.008729	0.000503	0.198038
4.654530	0.003747	0.010197	0.018454	0.190514	0.000571	0.018056	0.000484	0.198105
4.640816	0.003678	0.010089	0.008250	0.190542	0.000636	0.009358	0.000504	0.198431
4.666704	0.003722	0.010287	0.005255	0.190614	0.000563	0.006929	0.000524	0.197836
4.698156	0.003664	0.010137	0.013582	0.190752	0.000454	0.018336	0.000687	0.198442
4.720699	0.003695	0.009969	0.016271	0.190609	0.000516	0.012237	0.000577	0.197974
4.695885	0.003762	0.010067	0.006861	0.190724	0.000574	0.012069	0.000510	0.198339
4.643063	0.003699	0.009961	0.008912	0.190621	0.000676	0.009879	0.000533	0.198370
4.640648	0.003687	0.010394	0.015076	0.190777	0.000578	0.011806	0.000527	0.198004
4.681495	0.003617	0.010181	0.008444	0.190819	0.000533	0.012916	0.000657	0.198601
4.710719	0.003694	0.010086	0.009242	0.190788	0.000577	0.014837	0.000736	0.197896
4.725428	0.003729	0.010093	0.009764	0.190911	0.000497	0.005193	0.000502	0.198502
4.682545	0.003734	0.009958	0.010830	0.190744	0.000646	0.020427	0.000516	0.198319
4.649503	0.003686	0.010246	0.017530	0.190979	0.000548	0.010947	0.000520	0.198127
4.634917	0.003607	0.010135	0.014135	0.191045	0.000566	0.011195	0.000479	0.198663
4.675928	0.003684	0.010249	0.008233	0.190939	0.000558	0.013340	0.000674	0.197896
4.706812	0.003717	0.010224	0.012307	0.191127	0.000472	0.012623	0.000505	0.198530
4.720712	0.003770	0.009953	0.008485	0.190995	0.000561	0.005941	0.000512	0.198390
4.686263	0.003760	0.010072	0.011712	0.191120	0.000562	0.008935	0.000503	0.198356
4.646393	0.003598	0.010034	0.017049	0.191051	0.000531	0.012600	0.000541	0.198768
4.639433	0.003642	0.010286	0.013990	0.191123	0.000543	0.010955	0.000698	0.198007
4.676946	0.003708	0.010261	0.011165	0.191265	0.000520	0.011112	0.000544	0.198672
4.735637	0.003739	0.010008	0.007032	0.191154	0.000627	0.011385	0.000520	0.198279
4.705286	0.003757	0.010091	0.013902	0.191310	0.000586	0.011408	0.000525	0.198526
4.661710	0.003618	0.010001	0.015085	0.191124	0.000572	0.009244	0.000514	0.198660
4.638171	0.003630	0.010352	0.012012	0.191283	0.000469	0.010552	0.000593	0.198338
4.670950	0.003613	0.010210	0.014889	0.191381	0.000480	0.013898	0.000552	0.198815
4.709226	0.003723	0.010106	0.007646	0.191305	0.000530	0.014432	0.000530	0.198195
4.710309	0.003747	0.010094	0.012651	0.191420	0.000523	0.011522	0.000555	0.198825
4.685847	0.003709	0.009955	0.011315	0.191304	0.000619	0.009156	0.000502	0.198491
4.646546	0.003638	0.010308	0.019207	0.191500	0.000510	0.009549	0.000552	0.198575
4.654714	0.003662	0.010155	0.016828	0.191498	0.000583	0.006270	0.000735	0.198763
4.693089	0.003721	0.010289	0.008289	0.191581	0.000607	0.008364	0.000532	0.198246
4.718130	0.003715	0.010066	0.015690	0.191579	0.000591	0.009281	0.000558	0.198939
4.703506	0.003680	0.010024	0.011231	0.191538	0.000622	0.008572	0.000588	0.198411
4.659929	0.003624	0.010233	0.017139	0.191662	0.000449	0.013656	0.000528	0.198882
4.647638	0.003731	0.010186	0.011114	0.191545	0.000586	0.012927	0.000755	0.198643
4.672679	0.003728	0.010427	0.008413	0.191714	0.000511	0.016143	0.000543	0.198485
4.716423	0.003716	0.010013	0.011583	0.191672	0.000537	0.014009	0.000523	0.198952
4.715491	0.003732	0.010017	0.011774	0.191709	0.000618	0.008529	0.000578	0.198398
4.674733	0.003642	0.010043	0.012473	0.191671	0.000457	0.014251	0.000534	0.199043
4.644149	0.003627	0.010140	0.016486	0.191600	0.000566	0.008201	0.000611	0.198515
4.649552	0.003624	0.010446	0.015905	0.191889	0.000489	0.013364	0.000586	0.198825
4.699096	0.003691	0.010162	0.006032	0.191781	0.000577	0.012123	0.000630	0.198853
4.720537	0.003751	0.010127	0.009744	0.191837	0.000604	0.005331	0.000578	0.198441
4.707280	0.003642	0.009949	0.023602	0.191871	0.000460	0.013199	0.000557	0.199149
4.663645	0.003675	0.010029	0.010776	0.191737	0.000531	0.014924	0.000539	0.198492
4.642385	0.003607	0.010380	0.013836	0.191970	0.000468	0.011281	0.000736	0.199011
4.666925	0.003717	0.010197	0.015966	0.191864	0.000609	0.016326	0.000550	0.198766
4.708588	0.003754	0.010319	0.006969	0.192052	0.000563	0.006282	0.000550	0.198561
4.721814	0.003702	0.009991	0.009904	0.191944	0.000527	0.014578	0.000562	0.199175
4.697809	0.003700	0.010033	0.017048	0.191906	0.000503	0.014760	0.000525	0.198551
