#header text header text texty text text
4.741202	0.003542	0.009926	0.013684	0.245064	0.000907	0.011466	0.000575	0.238384
4.706413	0.003570	0.009989	0.012395	0.245958	0.000877	0.015069	0.000671	0.238373
4.706587	0.003568	0.009883	0.010698	0.246510	0.000969	0.010312	0.000702	0.238299
4.753306	0.003720	0.010207	0.019461	0.246761	0.000881	0.013999	0.000574	0.238152
4.794145	0.003773	0.009749	0.012036	0.247115	0.000934	0.022460	0.000677	0.238328
4.788335	0.003704	0.009977	0.011370	0.247299	0.000945	0.011860	0.000635	0.238235
4.749132	0.003602	0.009923	0.011961	0.247442	0.000918	0.020143	0.000614	0.238330
4.701133	0.003589	0.009846	0.011755	0.247605	0.000937	0.008350	0.001208	0.238239
4.708292	0.003686	0.010239	0.008655	0.247729	0.000921	0.010026	0.000621	0.238120
4.739975	0.003736	0.009871	0.015904	0.247897	0.000917	0.012167	0.000668	0.238303
4.784452	0.003678	0.009992	0.008853	0.248007	0.000970	0.014476	0.000639	0.238167
4.784946	0.003695	0.009878	0.014959	0.248052	0.000934	0.022150	0.000554	0.238347
4.763017	0.003672	0.009811	0.015242	0.248218	0.000917	0.014246	0.000833	0.238450
4.720828	0.003690	0.010244	0.014070	0.248236	0.000897	0.012757	0.000604	0.238281
4.696250	0.003679	0.009899	0.015737	0.248372	0.000982	0.014113	0.000602	0.238428
4.726116	0.003663	0.010131	0.008442	0.248520	0.000992	0.011210	0.000708	0.238146
4.777829	0.003700	0.010103	0.010884	0.248432	0.001001	0.016252	0.000639	0.238303
4.788354	0.003698	0.009834	0.014592	0.248656	0.000946	0.014931	0.000718	0.238446
4.784162	0.003740	0.010118	0.011262	0.248574	0.000842	0.020680	0.000784	0.238306
4.733915	0.003719	0.009888	0.015615	0.248749	0.000853	0.008202	0.000570	0.238520
4.705907	0.003734	0.010051	0.015963	0.248756	0.000952	0.013069	0.000696	0.238288
4.710296	0.003660	0.010268	0.016887	0.248883	0.000963	0.009323	0.000664	0.238439
4.757374	0.003702	0.009962	0.012896	0.249011	0.000990	0.019972	0.000693	0.238439
4.790046	0.003701	0.010112	0.011559	0.248952	0.000871	0.017892	0.000858	0.238277
4.788399	0.003804	0.009859	0.010452	0.248933	0.000880	0.009800	0.000635	0.238513
4.759757	0.003785	0.009960	0.012110	0.248921	0.000954	0.009842	0.000652	0.238467
4.718926	0.003691	0.010210	0.015172	0.248945	0.000993	0.007344	0.000651	0.238347
4.699886	0.003528	0.009914	0.016106	0.249135	0.000968	0.011202	0.000646	0.238550
4.743011	0.003642	0.010271	0.011199	0.249128	0.000897	0.016479	0.000964	0.238290
4.771083	0.003701	0.010002	0.008220	0.249203	0.000952	0.013320	0.000648	0.238547
4.795032	0.003822	0.009973	0.016784	0.249294	0.000947	0.011189	0.000674	0.238505
4.762365	0.003700	0.010129	0.017802	0.249245	0.000941	0.019499	0.000716	0.238519
4.720153	0.003601	0.009830	0.014110	0.249379	0.000968	0.008571	0.000621	0.238674
4.702516	0.003569	0.010327	0.013702	0.249302	0.000840	0.010916	0.000891	0.238344
4.739817	0.003620	0.010034	0.012989	0.249443	0.000844	0.016904	0.000787	0.238658
4.787145	0.003830	0.010085	0.009502	0.249494	0.000887	0.011082	0.000671	0.238517
4.785603	0.003801	0.010106	0.009867	0.249464	0.000938	0.013551	0.000711	0.238560
4.749361	0.003601	0.009901	0.012990	0.249580	0.000965	0.009757	0.000629	0.238759
4.712369	0.003547	0.010260	0.006774	0.249479	0.000933	0.012038	0.000676	0.238546
4.709531	0.003649	0.010011	0.012957	0.249648	0.000912	0.010431	0.000912	0.238753
4.729836	0.003688	0.010229	0.018451	0.249676	0.000915	0.013403	0.000703	0.238423
4.786724	0.003901	0.010165	0.011665	0.249673	0.000932	0.015303	0.000774	0.238571
4.788290	0.003730	0.009902	0.012944	0.249720	0.001007	0.018005	0.000709	0.238779
4.745626	0.003651	0.010171	0.014736	0.249675	0.000941	0.015196	0.000646	0.238566
4.710967	0.003645	0.010010	0.008974	0.249805	0.000880	0.013130	0.001150	0.238879
4.711350	0.003686	0.010324	0.014298	0.249783	0.000888	0.007570	0.000675	0.238490
4.750222	0.003790	0.010220	0.019770	0.249778	0.000926	0.012247	0.000685	0.238659
4.787167	0.003815	0.009988	0.011285	0.249897	0.000982	0.015034	0.000720	0.238762
4.788054	0.003820	0.010292	0.008839	0.249912	0.000861	0.012447	0.000702	0.238706
4.737846	0.003697	0.010002	0.017610	0.249918	0.000896	0.016224	0.000860	0.238939
4.702441	0.003641	0.010420	0.015012	0.249977	0.000924	0.017364	0.000753	0.238694
4.712500	0.003749	0.010294	0.010225	0.250020	0.000940	0.013031	0.000785	0.238961
4.754919	0.003724	0.010305	0.015407	0.250149	0.001006	0.009657	0.000778	0.238859
4.784238	0.003773	0.010298	0.010820	0.250099	0.000967	0.009276	0.000698	0.238945
4.770631	0.003751	0.010054	0.009487	0.250214	0.000909	0.012698	0.000763	0.239238
4.721404	0.003735	0.010361	0.018165	0.250288	0.000916	0.010918	0.000900	0.239063
4.687465	0.003773	0.010291	0.014185	0.250386	0.000893	0.009678	0.000672	0.239362
4.715709	0.003786	0.010394	0.012985	0.250434	0.001031	0.011700	0.000736	0.239164
4.759666	0.003848	0.010524	0.017460	0.250487	0.000960	0.010647	0.000753	0.239392
4.781991	0.003794	0.010163	0.007350	0.250793	0.000934	0.020567	0.000772	0.239774
4.772792	0.003776	0.010476	0.010168	0.250904	0.000864	0.016751	0.001075	0.239735
4.720112	0.003815	0.010155	0.011341	0.251185	0.000857	0.008836	0.000740	0.239873
4.700657	0.003816	0.010316	0.007299	0.251406	0.000962	0.007320	0.000705	0.239899
4.719450	0.003780	0.010474	0.010709	0.251630	0.000991	0.013319	0.000711	0.240136
4.758313	0.003805	0.009972	0.011911	0.252219	0.000987	0.015040	0.000651	0.240496
4.794474	0.003802	0.010190	0.021481	0.252585	0.000913	0.011697	0.000880	0.240452
4.794882	0.003815	0.009776	0.012974	0.253155	0.000910	0.017904	0.000806	0.240865
4.761792	0.003960	0.009701	0.010187	0.253818	0.000867	0.012970	0.000647	0.240991
4.733071	0.003855	0.009937	0.013569	0.254302	0.001035	0.015559	0.000700	0.241088
4.743394	0.003814	0.009534	0.012463	0.254909	0.000960	0.012797	0.000655	0.241380
4.786849	0.003854	0.009807	0.011155	0.255256	0.000931	0.013523	0.000642	0.241110
4.835305	0.003988	0.009391	0.015593	0.255613	0.000928	0.016395	0.000938	0.241440
4.839135	0.004039	0.009267	0.013226	0.255828	0.000925	0.016411	0.000603	0.241420
4.808682	0.004072	0.009340	0.012136	0.256007	0.000941	0.009961	0.000641	0.241383
4.767684	0.003952	0.009016	0.014087	0.256079	0.000950	0.018560	0.000647	0.241677
4.760835	0.003933	0.009406	0.007479	0.256098	0.000996	0.012031	0.000574	0.241277
4.802398	0.004062	0.009265	0.008233	0.256195	0.000945	0.008058	0.000960	0.241576
4.837885	0.004110	0.009118	0.010594	0.256234	0.000879	0.013476	0.000634	0.241412
4.856730	0.004140	0.009220	0.007044	0.256234	0.000911	0.018427	0.000647	0.241358
4.819464	0.004038	0.008963	0.010010	0.256188	0.001015	0.016799	0.000686	0.241641
4.770476	0.003867	0.009330	0.010648	0.256029	0.000942	0.008559	0.000581	0.241323
4.757110	0.003885	0.009451	0.009283	0.256051	0.000929	0.014379	0.000918	0.241550
4.779300	0.003940	0.009520	0.012257	0.255950	0.000893	0.010678	0.000706	0.241437
4.816058	0.004094	0.009654	0.008030	0.256082	0.000933	0.007644	0.000574	0.241574
4.846417	0.004090	0.009244	0.008028	0.256299	0.000987	0.007700	0.000692	0.241851
4.816815	0.004020	0.009452	0.017644	0.256524	0.000988	0.016671	0.000601	0.241590
4.768338	0.004048	0.009389	0.009794	0.256856	0.000999	0.014023	0.000665	0.241879
4.741590	0.004038	0.009614	0.013352	0.257014	0.000905	0.010931	0.000788	0.241609
4.770726	0.004107	0.009791	0.015437	0.257244	0.000977	0.007697	0.000594	0.241634
4.825453	0.004234	0.009450	0.017376	0.257515	0.001012	0.010424	0.000703	0.241930
4.839420	0.004128	0.009505	0.019995	0.257713	0.001008	0.010343	0.000671	0.241706
4.814552	0.004085	0.009318	0.021924	0.258131	0.001003	0.011047	0.000560	0.242047
4.783035	0.004145	0.009409	0.014322	0.258354	0.000892	0.013970	0.001134	0.241823
4.756854	0.004095	0.009573	0.010781	0.258659	0.000928	0.014349	0.000608	0.241761
4.779126	0.004220	0.009097	0.009244	0.259047	0.000981	0.013987	0.000629	0.241882
4.836807	0.004246	0.009306	0.008662	0.259274	0.001007	0.011176	0.000708	0.241684
4.856002	0.004256	0.009037	0.014756	0.259660	0.000918	0.019103	0.000568	0.242057
4.850852	0.004173	0.008960	0.013812	0.259686	0.000923	0.014071	0.000703	0.241963
4.801600	0.004132	0.009093	0.016963	0.259952	0.000927	0.013390	0.000747	0.241778
4.777362	0.004285	0.008866	0.009903	0.260487	0.000963	0.007902	0.000591	0.241805
4.791229	0.004388	0.009262	0.018052	0.260731	0.001054	0.009711	0.000662	0.241411
4.831127	0.004378	0.009039	0.017318	0.261208	0.000992	0.009445	0.000674	0.241683
4.866432	0.004309	0.008791	0.012250	0.261320	0.000998	0.013164	0.000537	0.241539
4.870170	0.004315	0.008861	0.017957	0.261718	0.001001	0.011042	0.000888	0.241451
4.824956	0.004420	0.008580	0.007345	0.262024	0.000905	0.020120	0.000583	0.241675
4.787327	0.004426	0.008853	0.011810	0.262268	0.001060	0.010402	0.000635	0.241213
4.795319	0.004369	0.008769	0.012982	0.262579	0.001064	0.011377	0.000668	0.241566
4.840545	0.004380	0.008699	0.007396	0.262775	0.001023	0.011409	0.000562	0.241306
4.882325	0.004529	0.008835	0.014739	0.262958	0.000930	0.013340	0.000669	0.241328
4.884882	0.004452	0.008382	0.011175	0.263180	0.000961	0.010364	0.000593	0.241685
4.838383	0.004488	0.008715	0.006942	0.263246	0.001084	0.014454	0.000614	0.241262
4.799975	0.004479	0.008630	0.021800	0.263500	0.001015	0.007701	0.000641	0.241625
4.820576	0.004475	0.008515	0.013169	0.264245	0.001015	0.011294	0.000647	0.241503
4.858656	0.004485	0.008572	0.015426	0.264655	0.000993	0.007321	0.000560	0.241250
4.898890	0.004481	0.008284	0.015437	0.264599	0.000955	0.017048	0.000719	0.241660
4.876385	0.004553	0.008514	0.018935	0.264393	0.000981	0.008791	0.000602	0.241460
4.838107	0.004555	0.008405	0.018096	0.264557	0.001006	0.012912	0.000644	0.241560
4.809365	0.004449	0.008376	0.015152	0.264827	0.001102	0.015997	0.000650	0.241455
4.811136	0.004439	0.008775	0.012317	0.264833	0.001082	0.009801	0.000566	0.241515
4.858229	0.004454	0.008392	0.013320	0.264684	0.000893	0.012428	0.000808	0.241668
4.891784	0.004631	0.008565	0.007896	0.264559	0.000983	0.007710	0.000566	0.241402
4.893263	0.004669	0.008347	0.012406	0.264629	0.001039	0.015185	0.000655	0.241663
4.868990	0.004561	0.008251	0.014914	0.264513	0.001051	0.011364	0.000672	0.241535
4.822289	0.004391	0.008555	0.015045	0.264490	0.001012	0.011427	0.000573	0.241592
4.823569	0.004525	0.008301	0.010046	0.264403	0.000949	0.016062	0.000715	0.241720
4.855677	0.004600	0.008617	0.012374	0.264382	0.000978	0.009242	0.000597	0.241408
4.906286	0.004686	0.008292	0.018693	0.264445	0.001053	0.010149	0.000602	0.241806
4.917603	0.004617	0.008202	0.012883	0.264324	0.001127	0.013572	0.000664	0.241653
4.872089	0.004526	0.008322	0.014145	0.264290	0.000965	0.019443	0.000572	0.241673
4.839621	0.004498	0.008098	0.011298	0.264182	0.000960	0.008826	0.000587	0.241915
4.823288	0.004495	0.008363	0.013134	0.264014	0.001056	0.011537	0.000770	0.241530
4.843166	0.004584	0.008357	0.010933	0.264025	0.001035	0.010247	0.000550	0.241852
4.877622	0.004689	0.008176	0.019387	0.263955	0.001041	0.011348	0.000666	0.241790
4.928228	0.004746	0.008327	0.015979	0.263753	0.001035	0.012158	0.000598	0.241650
4.909037	0.004562	0.008067	0.014975	0.263668	0.000997	0.020652	0.000587	0.242037
4.860846	0.004480	0.008163	0.009384	0.263576	0.001014	0.015199	0.000837	0.241731
4.821299	0.004511	0.008328	0.009897	0.263865	0.000983	0.014522	0.000516	0.241994
4.836118	0.004555	0.008249	0.014401	0.264116	0.001017	0.013358	0.000637	0.241941
4.868059	0.004632	0.008577	0.012122	0.264036	0.001073	0.013339	0.000688	0.241827
4.906369	0.004547	0.008246	0.011883	0.264202	0.000954	0.016923	0.000580	0.242225
4.903985	0.004521	0.008354	0.013393	0.264180	0.001013	0.010396	0.000622	0.242003
4.884226	0.004578	0.008366	0.020643	0.264305	0.001034	0.017293	0.000706	0.242240
4.834895	0.004539	0.008126	0.013724	0.264321	0.001000	0.014660	0.000607	0.242250
4.816014	0.004537	0.008582	0.010506	0.264307	0.001114	0.009663	0.000682	0.241955
4.857921	0.004572	0.008284	0.011344	0.264493	0.000951	0.011014	0.000595	0.242306
4.897504	0.004692	0.008358	0.011498	0.264236	0.001038	0.009226	0.000620	0.242054
4.909098	0.004616	0.008377	0.013354	0.264313	0.001034	0.015599	0.000756	0.242234
4.899477	0.004562	0.008101	0.013188	0.264249	0.001021	0.015990	0.000566	0.242436
4.846966	0.004545	0.008410	0.009117	0.264068	0.001074	0.008863	0.000657	0.242146
4.830217	0.004547	0.008312	0.012166	0.264279	0.000945	0.009228	0.000631	0.242431
4.833402	0.004470	0.008427	0.011379	0.264204	0.001011	0.011513	0.000587	0.242132
4.878795	0.004617	0.008667	0.014749	0.264419	0.001053	0.010016	0.001008	0.242303
4.913179	0.004692	0.008228	0.009646	0.264441	0.000974	0.012571	0.000557	0.242562
4.907743	0.004798	0.008407	0.010567	0.264426	0.001104	0.015279	0.000638	0.242229
4.883965	0.004528	0.008385	0.017980	0.264467	0.000975	0.010037	0.000672	0.242643
4.828453	0.004404	0.008343	0.011617	0.264264	0.001011	0.014324	0.000570	0.242505
4.814561	0.004606	0.008719	0.015226	0.264281	0.001033	0.006206	0.000763	0.242368
4.839444	0.004636	0.008403	0.011660	0.264264	0.000987	0.011031	0.000679	0.242676
4.891914	0.004667	0.008585	0.012480	0.264167	0.001081	0.010365	0.000624	0.242236
4.911963	0.004701	0.008509	0.012352	0.263981	0.001023	0.019788	0.000644	0.242572
4.896701	0.004631	0.008287	0.018581	0.263943	0.001024	0.010328	0.000597	0.242597
4.850261	0.004522	0.008523	0.014115	0.264053	0.000978	0.020273	0.000625	0.242416
4.818701	0.004552	0.008363	0.015292	0.264205	0.000937	0.009487	0.000669	0.242737
4.843117	0.004607	0.008605	0.009539	0.264254	0.001050	0.012730	0.000574	0.242295
4.886630	0.004624	0.008591	0.013569	0.264442	0.001059	0.014970	0.000632	0.242635
4.919457	0.004632	0.008323	0.012177	0.264337	0.001055	0.019009	0.000651	0.242644
4.892466	0.004589	0.008526	0.014296	0.264326	0.000983	0.015508	0.000610	0.242610
4.853864	0.004528	0.008323	0.012591	0.264359	0.000988	0.008618	0.001029	0.242843
4.825936	0.004619	0.008539	0.011468	0.264226	0.001045	0.009219	0.000575	0.242327
4.840012	0.004641	0.008530	0.010585	0.264063	0.001087	0.006509	0.000647	0.242600
4.888545	0.004658	0.008312	0.016472	0.263818	0.001033	0.016992	0.000683	0.242464
4.918571	0.004679	0.008450	0.016998	0.263746	0.000994	0.014529	0.000589	0.242341
4.913705	0.004567	0.008056	0.012229	0.263801	0.000956	0.017019	0.000843	0.242748
4.877031	0.004617	0.008220	0.009314	0.263705	0.000983	0.014831	0.000592	0.242434
4.837679	0.004631	0.008310	0.014773	0.263725	0.001013	0.007027	0.000623	0.242777
4.837767	0.004586	0.008319	0.009456	0.263620	0.001078	0.010970	0.000691	0.242569
4.880633	0.004659	0.008624	0.021256	0.263077	0.001022	0.012005	0.000568	0.242497
4.909878	0.004587	0.008279	0.010089	0.262757	0.000885	0.013684	0.000647	0.242865
4.915019	0.004612	0.008312	0.008025	0.262661	0.001031	0.014682	0.000761	0.242542
4.880931	0.004594	0.008489	0.016705	0.262807	0.001049	0.018318	0.000608	0.242896
4.832321	0.004425	0.008379	0.016943	0.262933	0.001092	0.012276	0.000704	0.242892
4.817177	0.004510	0.008751	0.010525	0.263418	0.001013	0.011913	0.000640	0.242513
4.859231	0.004554	0.008442	0.011005	0.263865	0.000935	0.009458	0.000637	0.242823
4.903467	0.004682	0.008473	0.013215	0.264397	0.001022	0.016291	0.000809	0.242338
4.917104	0.004763	0.008451	0.018050	0.264996	0.001058	0.016746	0.000567	0.242693
4.885875	0.004620	0.008230	0.015853	0.265452	0.001077	0.010519	0.000653	0.242739
4.841632	0.004528	0.008592	0.012239	0.265789	0.001042	0.008698	0.000664	0.242548
4.821788	0.004500	0.008432	0.018166	0.266113	0.001036	0.006074	0.000592	0.242825
4.857707	0.004620	0.008589	0.009416	0.265775	0.000965	0.010223	0.001054	0.242213
4.892475	0.004743	0.008493	0.011834	0.265715	0.001004	0.012150	0.000665	0.242558
4.927763	0.004778	0.008076	0.023566	0.265160	0.001038	0.013606	0.000652	0.242635
4.915664	0.004761	0.008224	0.008770	0.264632	0.001046	0.020610	0.000696	0.242337
4.869474	0.004551	0.008175	0.020687	0.264119	0.000963	0.011689	0.000640	0.242808
4.838566	0.004545	0.008240	0.009211	0.263796	0.001008	0.016816	0.000692	0.242440
4.844672	0.004579	0.008466	0.009372	0.264002	0.000991	0.014511	0.000683	0.242671
4.883777	0.004718	0.008191	0.018793	0.264033	0.001000	0.011624	0.000594	0.242756
4.917893	0.004731	0.008388	0.015054	0.263953	0.001123	0.012745	0.000690	0.242535
4.919047	0.004597	0.008149	0.016702	0.263827	0.001013	0.004623	0.000693	0.243009
4.877372	0.004512	0.008178	0.017968	0.263921	0.001067	0.007712	0.000639	0.242774
4.841388	0.004567	0.008440	0.010192	0.264672	0.000971	0.010331	0.000834	0.242954
4.818897	0.004606	0.008442	0.012469	0.265262	0.000987	0.015365	0.000552	0.243222
4.841196	0.004672	0.008929	0.012677	0.265829	0.001090	0.009890	0.000680	0.242774
4.891468	0.004618	0.008678	0.010187	0.266160	0.000966	0.015717	0.000676	0.243143
4.918382	0.004633	0.008468	0.012121	0.265695	0.001075	0.017618	0.000589	0.242759
4.896402	0.004640	0.008469	0.013188	0.265020	0.001012	0.016554	0.000886	0.242786
4.857551	0.004496	0.008162	0.016122	0.264550	0.000982	0.011304	0.000589	0.243034
4.832225	0.004674	0.008448	0.008401	0.264997	0.001110	0.014267	0.000613	0.242551
4.836411	0.004605	0.008577	0.016532	0.265567	0.001005	0.013397	0.000678	0.243066
4.887787	0.004676	0.008580	0.013406	0.265741	0.001084	0.011312	0.000614	0.242840
4.918219	0.004600	0.008642	0.016827	0.265753	0.001022	0.017262	0.000653	0.242817
4.916004	0.004607	0.008198	0.013408	0.265834	0.000910	0.006331	0.000715	0.243152
4.836916	0.004605	0.008464	0.013161	0.266135	0.001015	0.011652	0.000674	0.243058
4.846569	0.004621	0.008348	0.012502	0.266012	0.001150	0.008610	0.000646	0.242801
4.881040	0.004556	0.008589	0.011844	0.266227	0.001050	0.015145	0.000636	0.242718
4.930623	0.004705	0.008192	0.011773	0.266673	0.000900	0.018140	0.000986	0.243169
4.928377	0.004782	0.008269	0.010905	0.266882	0.001101	0.014307	0.000608	0.242718
4.891960	0.004717	0.008285	0.014106	0.267128	0.001017	0.009724	0.000709	0.243192
4.850578	0.004542	0.008177	0.009063	0.267161	0.001073	0.013017	0.000689	0.242960
4.851116	0.004584	0.008535	0.004806	0.267467	0.000972	0.014186	0.000546	0.242916
4.884532	0.004588	0.008201	0.013486	0.267704	0.000994	0.014667	0.001090	0.243160
4.930353	0.004811	0.008331	0.015793	0.267818	0.001056	0.016047	0.000624	0.242747
4.923714	0.004732	0.008130	0.007572	0.268020	0.001022	0.018673	0.000681	0.243239
4.874823	0.004697	0.008046	0.016323	0.268328	0.001102	0.010154	0.000709	0.242964
4.852056	0.004624	0.008296	0.012923	0.268260	0.001004	0.013050	0.000605	0.243185
4.863307	0.004706	0.007983	0.011475	0.267714	0.001106	0.013652	0.000793	0.243276
4.915662	0.004719	0.008233	0.010434	0.267608	0.001041	0.010408	0.000752	0.243004
4.952849	0.004898	0.007810	0.010486	0.267433	0.000982	0.017676	0.000641	0.243583
4.935877	0.004811	0.007821	0.011873	0.266877	0.001130	0.013010	0.000711	0.243264
4.894473	0.004621	0.008095	0.011657	0.266521	0.001039	0.011930	0.000659	0.243500
4.859189	0.004611	0.007946	0.016703	0.266455	0.001024	0.009474	0.000635	0.243515
4.882816	0.004682	0.008265	0.008810	0.266693	0.001031	0.013624	0.000781	0.243178
4.930162	0.004844	0.007932	0.008302	0.266798	0.001009	0.015035	0.000693	0.243540
4.952413	0.004818	0.007904	0.018573	0.266904	0.001135	0.014100	0.000701	0.243073
4.925958	0.004735	0.007925	0.018410	0.267013	0.001018	0.016477	0.000719	0.243518
4.886130	0.004659	0.007770	0.013581	0.267063	0.001090	0.012798	0.000626	0.243331
4.864168	0.004704	0.008145	0.015526	0.267378	0.001050	0.012903	0.000950	0.243259
4.886736	0.004781	0.007834	0.014153	0.267346	0.000983	0.011423	0.000716	0.243588
4.935422	0.004842	0.007990	0.008666	0.267270	0.001097	0.018203	0.000637	0.243016
4.952951	0.004800	0.007893	0.021825	0.267144	0.000991	0.011565	0.000739	0.243513
4.922157	0.004784	0.007604	0.013085	0.266963	0.001037	0.012200	0.000611	0.243423
4.885195	0.004760	0.007888	0.008867	0.266993	0.000982	0.008030	0.000775	0.243429
4.875734	0.004757	0.007635	0.008740	0.266749	0.000977	0.014358	0.000801	0.243614
4.906472	0.004909	0.007982	0.010055	0.266664	0.001095	0.019494	0.000614	0.243152
4.960190	0.004906	0.007738	0.012596	0.266664	0.001017	0.010780	0.000728	0.243669
4.954086	0.004815	0.007513	0.018542	0.266567	0.001041	0.021972	0.000669	0.243279
4.924733	0.004754	0.007751	0.020725	0.266590	0.000973	0.014413	0.000681	0.243514
4.887468	0.004773	0.007639	0.006618	0.266459	0.000991	0.011249	0.001065	0.243636
4.874185	0.004814	0.007997	0.010778	0.266610	0.001091	0.009961	0.000637	0.243238
4.893721	0.004841	0.007903	0.017297	0.266770	0.001005	0.014888	0.000697	0.243694
4.941795	0.004830	0.007747	0.009906	0.267038	0.001105	0.008219	0.000699	0.243257
4.969170	0.004774	0.007936	0.020079	0.267055	0.000901	0.014997	0.000617	0.243475
4.931789	0.004805	0.007498	0.015056	0.267174	0.000950	0.014447	0.001059	0.243744
4.889162	0.004773	0.007789	0.010064	0.267186	0.001023	0.012817	0.000640	0.243251
4.873352	0.004732	0.007853	0.009538	0.267377	0.001016	0.007674	0.000673	0.243669
4.910969	0.004883	0.007812	0.010795	0.267378	0.001116	0.015974	0.000762	0.243209
4.938025	0.004791	0.007934	0.009067	0.267638	0.000995	0.018013	0.000650	0.243441
4.965141	0.004964	0.007503	0.022872	0.267700	0.000977	0.005653	0.000924	0.243667
4.935421	0.004851	0.007671	0.015178	0.267854	0.001057	0.017065	0.000785	0.243399
4.898800	0.004839	0.007566	0.013147	0.267793	0.000992	0.012542	0.000644	0.243888
4.880236	0.004911	0.007741	0.007362	0.267912	0.001086	0.010103	0.000713	0.243350
4.906244	0.004802	0.007889	0.012435	0.268204	0.000873	0.010634	0.000698	0.243613
4.954206	0.004971	0.007473	0.009440	0.268440	0.000982	0.015992	0.000656	0.243672
4.969735	0.005016	0.007698	0.019423	0.268641	0.000976	0.020629	0.001115	0.243394
4.942290	0.004853	0.007515	0.025361	0.269003	0.001010	0.014097	0.000684	0.243909
4.905289	0.004892	0.007568	0.012387	0.268968	0.001173	0.016258	0.000705	0.243578
4.878357	0.004789	0.007823	0.010231	0.269063	0.000917	0.009231	0.000709	0.243799
4.913177	0.004836	0.007552	0.014249	0.268881	0.001061	0.007201	0.000642	0.243755
4.949453	0.004958	0.007826	0.007569	0.268818	0.001003	0.015956	0.001085	0.243461
4.969773	0.005024	0.007523	0.014709	0.268721	0.000931	0.019183	0.000762	0.243888
4.939885	0.004973	0.007526	0.012878	0.268238	0.001061	0.016861	0.000675	0.243556
4.889750	0.004886	0.007703	0.006912	0.268109	0.001006	0.017292	0.000711	0.243836
4.887938	0.004798	0.007529	0.009999	0.267790	0.001053	0.010274	0.000648	0.243802
4.912229	0.004828	0.007918	0.010880	0.267720	0.001026	0.012556	0.000758	0.243541
4.951178	0.004894	0.007617	0.008882	0.267740	0.000992	0.015843	0.000770	0.243906
4.967934	0.005083	0.007606	0.006712	0.267788	0.001102	0.013572	0.000662	0.243407
4.923385	0.004874	0.007603	0.010882	0.268033	0.001018	0.014078	0.000734	0.243817
4.886978	0.004812	0.007552	0.013583	0.268079	0.001060	0.006873	0.000656	0.243631
4.883795	0.004855	0.007922	0.015842	0.268126	0.000977	0.008818	0.000708	0.243693
4.934256	0.004969	0.007554	0.017633	0.268308	0.000973	0.016032	0.000948	0.243890
4.969009	0.005106	0.007699	0.012847	0.268288	0.000996	0.015278	0.000685	0.243379
4.964588	0.005039	0.007532	0.011190	0.268545	0.001062	0.014961	0.000765	0.243924
4.920029	0.004953	0.007458	0.013927	0.268308	0.001141	0.012929	0.000728	0.243623
4.890709	0.004720	0.007709	0.015032	0.268344	0.000966	0.015202	0.000642	0.243802
4.896088	0.004901	0.007513	0.007226	0.268114	0.000990	0.014805	0.001045	0.243842
4.944763	0.004971	0.007770	0.007609	0.268287	0.001018	0.015381	0.000719	0.243426
4.968138	0.005095	0.007575	0.009290	0.268349	0.000945	0.012391	0.000707	0.243979
4.951008	0.005000	0.007498	0.015417	0.268341	0.001009	0.018740	0.000751	0.243466
4.914335	0.004862	0.007562	0.014767	0.268380	0.000937	0.014611	0.000647	0.243952
4.886753	0.004859	0.007532	0.019048	0.268390	0.001062	0.012828	0.000810	0.243696
4.920300	0.004960	0.007831	0.010271	0.268696	0.001035	0.017167	0.000764	0.243608
4.953674	0.005054	0.007535	0.009352	0.268653	0.001065	0.009295	0.000696	0.243960
4.973774	0.005071	0.007537	0.022308	0.268409	0.000990	0.014508	0.000754	0.243404
4.949608	0.004965	0.007529	0.015070	0.268271	0.000943	0.015058	0.000661	0.243888
4.919073	0.004841	0.007373	0.010294	0.267865	0.001082	0.010193	0.000748	0.243746
4.878075	0.004843	0.007799	0.012835	0.267598	0.001022	0.011232	0.000953	0.243608
4.910287	0.004893	0.007586	0.006615	0.267617	0.000977	0.010792	0.000710	0.243960
4.937813	0.005049	0.007762	0.014933	0.267644	0.001080	0.016837	0.000736	0.243362
4.967102	0.005021	0.007684	0.014467	0.267719	0.000987	0.014394	0.000703	0.243804
4.971803	0.004948	0.007425	0.007165	0.267907	0.000992	0.012524	0.000685	0.243731
4.907426	0.004805	0.007646	0.010131	0.267940	0.000986	0.010529	0.001027	0.243625
4.885325	0.004846	0.007464	0.025565	0.268114	0.001002	0.009505	0.000760	0.244070
4.899176	0.005005	0.007796	0.007542	0.268227	0.001039	0.019992	0.000741	0.243389
4.947476	0.005024	0.007727	0.014525	0.268416	0.000954	0.018538	0.000768	0.243841
4.971278	0.005025	0.007449	0.012922	0.268414	0.001118	0.018936	0.000686	0.243641
4.969144	0.004838	0.007562	0.004984	0.268467	0.000957	0.018016	0.000835	0.243567
4.925195	0.004849	0.007408	0.017062	0.268375	0.001033	0.016540	0.000798	0.243959
4.887535	0.004904	0.007666	0.009695	0.268487	0.001047	0.012117	0.000652	0.243533
4.900079	0.005011	0.007707	0.008814	0.268483	0.000933	0.016765	0.000733	0.243842
4.939399	0.004999	0.007519	0.011139	0.268408	0.001087	0.013395	0.000642	0.243662
4.967848	0.004931	0.007706	0.009578	0.268381	0.001003	0.014675	0.000704	0.243575
4.969639	0.004928	0.007339	0.007836	0.268463	0.000985	0.013323	0.000931	0.243923
4.918934	0.004986	0.007492	0.008494	0.268555	0.001053	0.015489	0.000631	0.243563
4.891051	0.004866	0.007638	0.009596	0.268665	0.000999	0.017591	0.000711	0.243870
4.899997	0.004979	0.007573	0.005086	0.268834	0.001003	0.007739	0.000699	0.243491
4.939978	0.004980	0.007855	0.011317	0.269213	0.000986	0.020416	0.000692	0.243196
4.970553	0.004937	0.007406	0.009075	0.269244	0.000948	0.020391	0.001168	0.243708
4.965839	0.005064	0.007525	0.011032	0.269160	0.000979	0.017945	0.000654	0.243248
4.937168	0.005009	0.007452	0.012549	0.269317	0.001036	0.016206	0.000757	0.243779
4.887386	0.004958	0.007465	0.009747	0.269246	0.001026	0.008131	0.000761	0.243465
4.906478	0.004872	0.007768	0.011404	0.269406	0.000961	0.016051	0.000685	0.243552
4.936220	0.004969	0.007450	0.008600	0.269728	0.000980	0.016927	0.001035	0.243671
4.974066	0.005089	0.007580	0.010918	0.269741	0.001003	0.015726	0.000759	0.243280
4.963017	0.005123	0.007470	0.005454	0.269447	0.001062	0.018028	0.000711	0.243883
4.939723	0.004943	0.007349	0.010474	0.269149	0.001050	0.018441	0.000760	0.243541
4.900271	0.004796	0.007634	0.009798	0.269333	0.000987	0.009632	0.000667	0.243616
4.894251	0.004823	0.007466	0.007354	0.269393	0.000920	0.011115	0.000820	0.243785
4.929182	0.005001	0.007758	0.016361	0.269431	0.000953	0.013548	0.000869	0.243200
4.972750	0.005090	0.007488	0.011445	0.269185	0.000981	0.017628	0.000682	0.243733
4.967893	0.005116	0.007315	0.016626	0.269044	0.001134	0.018673	0.000763	0.243486
4.940029	0.004921	0.007497	0.011958	0.269013	0.001016	0.009911	0.000705	0.243663
4.907918	0.004900	0.007316	0.009853	0.269012	0.000959	0.011806	0.000735	0.243882
4.902852	0.004952	0.007683	0.011763	0.268964	0.000968	0.009474	0.001105	0.243389
4.925637	0.005083	0.007528	0.017571	0.269193	0.001006	0.017731	0.000780	0.243788
4.971612	0.005213	0.007424	0.009603	0.269015	0.001100	0.014021	0.000704	0.243339
4.980026	0.005116	0.007496	0.012181	0.269198	0.001021	0.012259	0.000740	0.243735
4.938474	0.004983	0.007163	0.012114	0.269411	0.000986	0.017733	0.000723	0.243798
4.905722	0.004970	0.007561	0.008997	0.269273	0.000990	0.014200	0.001013	0.243492
4.905279	0.004945	0.007464	0.005005	0.269334	0.001032	0.012609	0.000735	0.243909
4.936315	0.005131	0.007566	0.013951	0.269308	0.001078	0.013584	0.000702	0.243325
4.981444	0.005151	0.007464	0.013418	0.269629	0.000959	0.018004	0.000790	0.243723
4.968115	0.005075	0.007222	0.015940	0.269511	0.001057	0.014465	0.000704	0.243750
4.931651	0.004914	0.007443	0.012316	0.269446	0.001012	0.013381	0.000857	0.243652
4.892393	0.004836	0.007388	0.011800	0.269429	0.001046	0.011486	0.000802	0.244077
4.912900	0.004993	0.007634	0.009475	0.269461	0.001052	0.019441	0.000686	0.243486
4.950621	0.005161	0.007572	0.010076	0.269706	0.000903	0.019777	0.000780	0.243879
4.984089	0.005192	0.007336	0.017436	0.269781	0.001045	0.014079	0.000717	0.243724
4.971298	0.005037	0.007447	0.006861	0.269970	0.000991	0.017486	0.000749	0.243648
4.919676	0.004968	0.007237	0.013069	0.270208	0.001040	0.008394	0.001182	0.244045
4.903019	0.005079	0.007584	0.023704	0.270249	0.000996	0.016302	0.000680	0.243614
4.908463	0.005069	0.007551	0.012761	0.270347	0.000965	0.014643	0.000738	0.243951
4.958105	0.005172	0.007340	0.010697	0.270353	0.000974	0.017023	0.000761	0.243608
4.988469	0.005124	0.007469	0.025197	0.270272	0.000844	0.013620	0.000733	0.243766
4.968789	0.005071	0.007100	0.011685	0.270243	0.000926	0.014637	0.001005	0.244110
4.919630	0.004989	0.007389	0.012003	0.270320	0.001087	0.013910	0.000810	0.243737
4.906041	0.005035	0.007377	0.015754	0.270313	0.000981	0.014308	0.000758	0.244115
4.930745	0.005167	0.007560	0.010765	0.270272	0.000977	0.019715	0.000794	0.243553
4.969133	0.005063	0.007516	0.007207	0.270435	0.000937	0.014319	0.000717	0.243894
4.985706	0.005119	0.007184	0.013272	0.270462	0.001019	0.020590	0.000862	0.243938
4.959902	0.005051	0.007413	0.016256	0.270556	0.001069	0.018210	0.000876	0.243688
4.908527	0.005020	0.007395	0.009528	0.270683	0.001048	0.015111	0.000689	0.244164
4.905495	0.005071	0.007539	0.014705	0.270711	0.001081	0.014551	0.000737	0.243646
4.926715	0.005007	0.007690	0.014300	0.270707	0.000940	0.015967	0.000734	0.243962
4.960561	0.005121	0.007318	0.010850	0.270566	0.000967	0.017614	0.000832	0.243867
4.981095	0.005126	0.007503	0.012174	0.270727	0.000993	0.021743	0.000961	0.243625
4.967574	0.005073	0.007284	0.013024	0.270844	0.001083	0.011557	0.000714	0.244155
4.917546	0.005047	0.007429	0.005703	0.270763	0.001046	0.015210	0.000736	0.243697
4.901393	0.004971	0.007561	0.009250	0.270872	0.000928	0.020429	0.000782	0.243956
4.919077	0.005038	0.007393	0.012089	0.270806	0.001017	0.016993	0.000721	0.243822
4.967892	0.005140	0.007615	0.011495	0.270711	0.000920	0.020613	0.001034	0.243560
4.975997	0.005150	0.007254	0.013585	0.270746	0.000936	0.015119	0.000776	0.244097
4.951732	0.005164	0.007364	0.018531	0.270810	0.001043	0.017817	0.000727	0.243668
4.910507	0.005027	0.007423	0.010672	0.271024	0.000955	0.008022	0.000736	0.243885
4.897821	0.005016	0.007394	0.012070	0.271134	0.000999	0.014218	0.000724	0.243595
4.941493	0.005039	0.007701	0.010168	0.271399	0.000958	0.016958	0.000853	0.243677
4.975867	0.005068	0.007201	0.013090	0.271636	0.001043	0.014023	0.000892	0.243877
4.972042	0.005219	0.007365	0.015766	0.271614	0.001027	0.008773	0.000715	0.243501
4.938916	0.005125	0.007273	0.016726	0.271687	0.000984	0.017390	0.000803	0.243964
4.911906	0.005088	0.007381	0.006868	0.271376	0.001009	0.018455	0.000690	0.243680
4.906768	0.005045	0.007596	0.009498	0.271296	0.000988	0.013882	0.000856	0.243724
4.950179	0.005129	0.007251	0.011698	0.271011	0.000992	0.018125	0.000968	0.243738
4.976383	0.005175	0.007413	0.009885	0.270949	0.000961	0.021448	0.000749	0.243540
4.967848	0.005195	0.007154	0.012455	0.271197	0.000989	0.013865	0.000750	0.244030
4.918030	0.005128	0.007328	0.010986	0.271252	0.000961	0.014048	0.000720	0.243605
4.912496	0.004983	0.007497	0.017770	0.271601	0.000897	0.013726	0.000754	0.244016
4.923693	0.005070	0.007360	0.011366	0.271672	0.000993	0.015918	0.001032	0.243781
4.952304	0.005120	0.007656	0.012250	0.271651	0.000980	0.016318	0.000738	0.243544
4.984274	0.005218	0.007244	0.008902	0.271747	0.000989	0.023215	0.000751	0.244070
4.977366	0.005262	0.007290	0.011589	0.272020	0.000988	0.018052	0.000766	0.243619
4.926033	0.005026	0.007367	0.011445	0.272308	0.000981	0.011278	0.000747	0.244025
4.895681	0.005015	0.007271	0.012374	0.272349	0.001016	0.013400	0.000985	0.243940
4.918745	0.005121	0.007613	0.006232	0.272497	0.000905	0.021371	0.000862	0.243669
4.952599	0.005207	0.007291	0.011129	0.272483	0.000990	0.018522	0.000746	0.244123
4.985687	0.005307	0.007293	0.014393	0.272327	0.000981	0.017763	0.000798	0.243590
4.975595	0.005243	0.007286	0.008266	0.272349	0.000959	0.016091	0.000773	0.243969
4.956649	0.005106	0.006992	0.017757	0.272250	0.000983	0.011332	0.000799	0.244031
4.909053	0.005144	0.007403	0.015131	0.272439	0.000954	0.014033	0.001034	0.243792
4.917167	0.005080	0.007266	0.016307	0.272571	0.000988	0.023106	0.000695	0.244223
4.936799	0.005296	0.007452	0.012871	0.272650	0.001022	0.019526	0.000754	0.243670
0.000000	0.000000	0.000000	0.000000	0.000000	0.000000	0.000000	0.000000	0.000000
