#header text header text texty text text
0.398598	0.001601	0.000670	0.001106	0.669113	0.001811	0.000482	0.001154	0.492346
0.398626	0.001413	0.000530	0.001026	0.669221	0.001736	0.000454	0.000954	0.492380
0.398678	0.001548	0.000757	0.000959	0.669277	0.001825	0.000512	0.000954	0.492392
0.398668	0.001727	0.000716	0.001009	0.669177	0.001820	0.000501	0.000900	0.492386
0.398694	0.001931	0.000593	0.001151	0.668947	0.001789	0.000494	0.000950	0.492433
0.398748	0.001744	0.000786	0.000965	0.669297	0.001832	0.000411	0.001036	0.492489
0.398716	0.001522	0.000588	0.000954	0.669359	0.002004	0.000389	0.001028	0.492388
0.398751	0.001389	0.000756	0.001054	0.669221	0.001835	0.000522	0.001160	0.492487
0.398652	0.001595	0.000782	0.001121	0.669232	0.001718	0.000396	0.001116	0.492503
0.398730	0.001508	0.000473	0.001083	0.669291	0.001806	0.000392	0.000860	0.492492
0.398750	0.001458	0.000832	0.000981	0.669296	0.001853	0.000490	0.000916	0.492513
0.398768	0.001553	0.000646	0.000910	0.669503	0.001758	0.000430	0.000968	0.492465
0.398857	0.001778	0.000638	0.001020	0.669641	0.001818	0.000358	0.001010	0.492515
0.398726	0.001959	0.000795	0.001119	0.669615	0.001995	0.000427	0.001153	0.492421
0.398787	0.001760	0.000470	0.000994	0.669567	0.001890	0.000506	0.001260	0.492488
0.398752	0.001488	0.000846	0.000946	0.669642	0.001732	0.000421	0.001105	0.492556
0.398775	0.001430	0.000661	0.001087	0.669493	0.001750	0.000368	0.000956	0.492589
0.398891	0.001588	0.000613	0.001121	0.669522	0.001819	0.000411	0.000886	0.492529
0.398957	0.001491	0.000824	0.001085	0.669485	0.001772	0.000506	0.001010	0.492586
0.398895	0.001449	0.000452	0.000984	0.669591	0.001789	0.000499	0.001042	0.492606
0.398868	0.001535	0.000761	0.000959	0.669526	0.001873	0.000510	0.001121	0.492603
0.398900	0.001761	0.000665	0.001195	0.669506	0.001950	0.000434	0.001060	0.492630
0.398916	0.001900	0.000589	0.001012	0.669509	0.001758	0.000360	0.000957	0.492666
0.398896	0.001679	0.000883	0.000926	0.669639	0.001755	0.000426	0.000801	0.492657
0.398939	0.001464	0.000514	0.000993	0.669588	0.001814	0.000501	0.000894	0.492681
0.398936	0.001456	0.000818	0.001096	0.669503	0.001778	0.000503	0.001032	0.492586
0.398909	0.001616	0.000753	0.001123	0.669531	0.001753	0.000481	0.001076	0.492569
0.398951	0.001485	0.000464	0.001041	0.669424	0.001842	0.000470	0.001112	0.492457
0.398879	0.001417	0.000741	0.000952	0.669495	0.001958	0.000489	0.001188	0.492455
0.398894	0.001634	0.000638	0.000947	0.669685	0.001807	0.000511	0.001523	0.492482
0.398886	0.001917	0.000676	0.001220	0.669600	0.001723	0.000470	0.001133	0.492430
0.398849	0.001893	0.000774	0.000979	0.669522	0.001724	0.000481	0.000850	0.492419
0.398879	0.001630	0.000563	0.000921	0.669525	0.001829	0.000475	0.000925	0.492421
0.398980	0.001413	0.000726	0.001019	0.669608	0.001763	0.000403	0.001067	0.492456
0.398990	0.001437	0.000711	0.001079	0.669621	0.001808	0.000384	0.001096	0.492486
0.398970	0.001647	0.000649	0.001117	0.669611	0.001989	0.000433	0.001074	0.492491
0.398952	0.001416	0.000687	0.001039	0.669664	0.001817	0.000462	0.001211	0.492521
0.398971	0.001481	0.000609	0.000962	0.669655	0.001758	0.000401	0.001091	0.492554
0.399030	0.001745	0.000596	0.000988	0.669585	0.001783	0.000477	0.000917	0.492499
0.399078	0.001923	0.000753	0.001184	0.669866	0.001805	0.000443	0.001067	0.492591
0.399102	0.001836	0.000703	0.000939	0.669873	0.001752	0.000395	0.001098	0.492578
0.399066	0.001577	0.000653	0.000927	0.669928	0.001792	0.000358	0.001068	0.492497
0.399088	0.001463	0.000692	0.001039	0.669906	0.001974	0.000394	0.001051	0.492419
0.399113	0.001552	0.000539	0.001149	0.669976	0.001924	0.000410	0.000970	0.492416
0.399021	0.001578	0.000737	0.001097	0.669862	0.001752	0.000475	0.000949	0.492530
0.399022	0.001448	0.000720	0.001014	0.669685	0.001775	0.000504	0.000943	0.492507
0.399000	0.001537	0.000611	0.000928	0.669768	0.001788	0.000473	0.000869	0.492517
0.399074	0.001719	0.000788	0.000997	0.669819	0.001725	0.000525	0.000935	0.492580
0.399101	0.001905	0.000542	0.001192	0.670005	0.001732	0.000511	0.001038	0.492607
0.399098	0.001811	0.000749	0.000919	0.669867	0.001936	0.000520	0.001110	0.492567
0.399052	0.001584	0.000724	0.000984	0.669870	0.001903	0.000522	0.001157	0.492491
0.399041	0.001488	0.000547	0.001033	0.670015	0.001807	0.000475	0.000980	0.492523
0.399030	0.001553	0.000884	0.001138	0.669849	0.001742	0.000504	0.000896	0.492595
0.399022	0.001498	0.000493	0.001082	0.669826	0.001835	0.000477	0.001065	0.492717
0.399008	0.001423	0.000797	0.000990	0.669661	0.001781	0.000353	0.001182	0.492621
0.399025	0.001547	0.000730	0.000933	0.669681	0.001731	0.000473	0.001144	0.492535
0.399089	0.001802	0.000496	0.001032	0.669750	0.001855	0.000486	0.000993	0.492616
0.399084	0.001984	0.000839	0.001128	0.669775	0.001948	0.000354	0.000937	0.492596
0.399045	0.001772	0.000500	0.000889	0.669913	0.001800	0.000480	0.001034	0.492512
0.399067	0.001467	0.000718	0.000953	0.669857	0.001720	0.000505	0.001249	0.492612
0.399034	0.001366	0.000777	0.001057	0.669776	0.001804	0.000392	0.001112	0.492601
0.399083	0.001587	0.000483	0.001127	0.669771	0.001774	0.000432	0.000969	0.492420
0.399076	0.001564	0.000857	0.001085	0.669792	0.001722	0.000482	0.001038	0.492559
0.399094	0.001424	0.000577	0.000965	0.669709	0.001796	0.000524	0.001090	0.492596
0.399102	0.001534	0.000648	0.000939	0.669912	0.002011	0.000521	0.001219	0.492574
0.399065	0.001834	0.000821	0.001138	0.669902	0.001820	0.000505	0.001420	0.492596
0.399016	0.001929	0.000451	0.001093	0.669774	0.001734	0.000486	0.001533	0.492612
0.399075	0.001722	0.000761	0.000983	0.669860	0.001812	0.000486	0.001179	0.492529
0.399115	0.001465	0.000709	0.000974	0.669920	0.001795	0.000432	0.001094	0.492494
0.399064	0.001440	0.000719	0.001082	0.669740	0.001734	0.000411	0.001163	0.492575
0.399113	0.001650	0.000780	0.001122	0.669800	0.001752	0.000497	0.001089	0.492661
0.399080	0.001465	0.000577	0.001047	0.669659	0.001991	0.000417	0.000966	0.492605
0.399037	0.001491	0.000650	0.000963	0.669578	0.001844	0.000455	0.001087	0.492610
0.399045	0.001600	0.000688	0.000941	0.669699	0.001771	0.000424	0.001797	0.492778
0.399025	0.001826	0.000633	0.001139	0.669665	0.001800	0.000419	0.000947	0.492603
0.399006	0.001864	0.000689	0.001021	0.669912	0.001821	0.000445	0.000849	0.492614
0.399000	0.001640	0.000688	0.000933	0.669983	0.001719	0.000429	0.000987	0.492637
0.399033	0.001460	0.000740	0.001006	0.669961	0.001761	0.000405	0.001110	0.492667
0.399098	0.001498	0.000740	0.001126	0.669887	0.001967	0.000393	0.001099	0.492602
