#header text header text texty text text
0.850271	0.004447	0.000257	0.001687	0.724856	0.002170	0.001826	0.001520	0.401992
0.850350	0.004659	3.837676E-5	0.001890	0.724852	0.002147	0.001815	0.001647	0.402061
0.850323	0.004326	0.000185	0.001723	0.724672	0.002156	0.001800	0.001559	0.402136
0.850547	0.004225	9.453473E-5	0.001619	0.724796	0.002283	0.001803	0.001489	0.402222
0.850410	0.004249	0.000178	0.001703	0.724867	0.002244	0.001828	0.001684	0.402217
0.850455	0.004291	0.000237	0.001635	0.724930	0.002180	0.001801	0.001433	0.402297
0.850556	0.004612	0.000105	0.001902	0.724967	0.002158	0.001848	0.001600	0.402417
0.850398	0.004471	0.000225	0.001815	0.724942	0.002186	0.001773	0.001620	0.402458
0.850631	0.004266	0.000123	0.001667	0.725111	0.002229	0.001824	0.001495	0.402498
0.850709	0.004248	0.000243	0.001719	0.725120	0.002287	0.001837	0.001548	0.402603
0.850617	0.004296	0.000204	0.001630	0.725043	0.002228	0.001747	0.001467	0.402638
0.850620	0.004535	8.563196E-5	0.001807	0.724993	0.002165	0.001816	0.001557	0.402701
0.850665	0.004611	0.000231	0.001859	0.725154	0.002109	0.001819	0.001617	0.402819
0.850534	0.004345	0.000123	0.001648	0.725239	0.002201	0.001823	0.001553	0.402832
0.850738	0.004284	0.000241	0.001690	0.725069	0.002279	0.001819	0.001493	0.402889
0.850598	0.004294	0.000178	0.001603	0.725001	0.002233	0.001787	0.001546	0.402957
0.850659	0.004432	9.829445E-5	0.001661	0.724980	0.002189	0.001821	0.001517	0.402970
0.850802	0.004690	0.000230	0.001832	0.725059	0.002164	0.001854	0.001633	0.403062
0.850788	0.004446	4.759936E-5	0.001714	0.725018	0.002219	0.001774	0.001620	0.403092
0.850841	0.004320	0.000226	0.001561	0.725084	0.002241	0.001849	0.001475	0.403180
0.850912	0.004364	0.000137	0.001690	0.725298	0.002271	0.001813	0.001678	0.403178
0.850795	0.004359	0.000136	0.001602	0.725243	0.002235	0.001799	0.001479	0.403289
0.850794	0.004593	0.000248	0.001746	0.725207	0.002144	0.001849	0.001575	0.403317
0.850913	0.004587	7.579887E-5	0.001879	0.725150	0.002170	0.001792	0.001623	0.403385
0.850770	0.004267	0.000260	0.001609	0.725176	0.002229	0.001750	0.001509	0.403403
0.850874	0.004291	7.605544E-5	0.001730	0.725282	0.002294	0.001788	0.001530	0.403467
0.850982	0.004239	0.000201	0.001599	0.725404	0.002198	0.001753	0.001422	0.403546
0.850828	0.004473	0.000203	0.001764	0.725454	0.002166	0.001827	0.001541	0.403572
0.851018	0.004656	0.000131	0.001842	0.725543	0.002181	0.001830	0.001605	0.403665
0.851050	0.004384	0.000228	0.001666	0.725618	0.002214	0.001812	0.001571	0.403712
0.850905	0.004373	7.969519E-5	0.001626	0.725629	0.002261	0.001831	0.001491	0.403751
0.850964	0.004313	0.000219	0.001654	0.725621	0.002298	0.001840	0.001706	0.403822
0.851074	0.004353	0.000134	0.001599	0.725669	0.002187	0.001788	0.001476	0.403908
0.850823	0.004676	0.000199	0.001872	0.725703	0.002206	0.001840	0.001610	0.403964
0.851017	0.004467	0.000193	0.001860	0.725673	0.002211	0.001791	0.001600	0.403979
0.851121	0.004316	7.278929E-5	0.001629	0.725708	0.002271	0.001814	0.001478	0.403999
0.850985	0.004298	0.000247	0.001724	0.725745	0.002273	0.001810	0.001659	0.404113
0.851113	0.004365	5.756900E-5	0.001556	0.725831	0.002227	0.001756	0.001519	0.404146
0.851149	0.004530	0.000256	0.001704	0.725908	0.002164	0.001827	0.001556	0.404242
0.851012	0.004649	0.000135	0.001848	0.725831	0.002177	0.001819	0.001610	0.404271
0.851101	0.004392	0.000155	0.001646	0.725925	0.002242	0.001783	0.001519	0.404365
0.851042	0.004291	0.000257	0.001626	0.725933	0.002303	0.001812	0.001500	0.404376
0.851022	0.004351	5.087776E-5	0.001661	0.725883	0.002293	0.001797	0.001513	0.404459
0.851254	0.004495	0.000231	0.001637	0.725867	0.002199	0.001789	0.001515	0.404507
0.851274	0.004703	0.000120	0.001851	0.725936	0.002200	0.001808	0.001648	0.404549
0.851250	0.004444	0.000168	0.001778	0.725874	0.002213	0.001776	0.001585	0.404605
0.851435	0.004244	0.000240	0.001634	0.725821	0.002291	0.001799	0.001451	0.404638
0.851261	0.004276	7.960281E-5	0.001741	0.725803	0.002238	0.001834	0.001592	0.404694
0.851212	0.004290	0.000230	0.001647	0.725929	0.002188	0.001802	0.001461	0.404749
0.851433	0.004538	7.016191E-5	0.001756	0.725996	0.002152	0.001830	0.001549	0.404802
0.851322	0.004550	0.000184	0.001876	0.726000	0.002191	0.001824	0.001627	0.404883
0.851343	0.004223	0.000206	0.001655	0.725931	0.002225	0.001784	0.001526	0.404923
0.851420	0.004294	0.000167	0.001689	0.725996	0.002267	0.001828	0.001624	0.404992
0.851370	0.004278	0.000209	0.001651	0.725908	0.002231	0.001764	0.001485	0.405070
0.851451	0.004467	5.438100E-5	0.001690	0.725862	0.002238	0.001810	0.001544	0.405147
0.851563	0.004652	0.000241	0.001894	0.725947	0.002183	0.001845	0.001609	0.405189
0.851447	0.004401	7.362635E-5	0.001748	0.725970	0.002248	0.001798	0.001557	0.405248
0.851440	0.004278	0.000270	0.001656	0.726031	0.002299	0.001827	0.001445	0.405257
0.851564	0.004317	0.000132	0.001712	0.726085	0.002271	0.001759	0.001666	0.405316
0.851374	0.004400	0.000184	0.001687	0.726116	0.002236	0.001831	0.001506	0.405400
0.851387	0.004654	0.000179	0.001814	0.726228	0.002161	0.001840	0.001598	0.405466
0.851643	0.004470	0.000106	0.001817	0.726285	0.002233	0.001776	0.001559	0.405528
0.851513	0.004350	0.000245	0.001607	0.726216	0.002281	0.001802	0.001498	0.405553
0.851491	0.004310	5.991671E-5	0.001734	0.726315	0.002274	0.001848	0.001551	0.405614
0.851661	0.004303	0.000252	0.001589	0.726330	0.002203	0.001791	0.001445	0.405682
0.851595	0.004591	9.408635E-5	0.001736	0.726333	0.002206	0.001818	0.001550	0.405737
0.851560	0.004651	0.000204	0.001904	0.726289	0.002222	0.001822	0.001611	0.405755
0.851664	0.004367	0.000168	0.001672	0.726366	0.002263	0.001791	0.001504	0.405840
0.851699	0.004299	0.000141	0.001665	0.726419	0.002336	0.001834	0.001482	0.405884
0.851565	0.004333	0.000223	0.001623	0.726500	0.002191	0.001812	0.001493	0.405934
0.851702	0.004452	6.886912E-5	0.001695	0.726468	0.002206	0.001795	0.001544	0.406031
0.851773	0.004730	0.000244	0.001914	0.726390	0.002190	0.001843	0.001641	0.406027
0.851637	0.004466	0.000114	0.001737	0.726401	0.002224	0.001809	0.001564	0.406165
0.851836	0.004339	0.000206	0.001598	0.726460	0.002325	0.001817	0.001480	0.406165
0.851655	0.004316	0.000195	0.001737	0.726462	0.002271	0.001827	0.001557	0.406251
0.851778	0.004401	8.228579E-5	0.001667	0.726521	0.002201	0.001783	0.001472	0.406318
0.851898	0.004561	0.000263	0.001801	0.726652	0.002142	0.001816	0.001583	0.406380
0.851846	0.004566	8.379083E-5	0.001837	0.726644	0.002187	0.001782	0.001642	0.406399
0.851761	0.004313	0.000230	0.001657	0.726601	0.002278	0.001777	0.001498	0.406468
