#header text header text texty text text
3.859644	0.015816	0.072979	0.009278	0.292144	0.002028	0.071418	0.001917	0.632891
3.862060	0.015871	0.065972	0.013721	0.292352	0.001357	0.062637	0.001963	0.621509
3.848989	0.015854	0.068723	0.009889	0.291848	0.001983	0.070168	0.001780	0.617037
3.857984	0.015625	0.066109	0.008811	0.291738	0.002073	0.052940	0.001797	0.614545
3.848617	0.015794	0.062526	0.004281	0.292108	0.001695	0.057907	0.001823	0.608350
3.849672	0.015830	0.065768	0.007359	0.291864	0.001320	0.063402	0.001680	0.605163
3.848638	0.015632	0.062146	0.008043	0.291738	0.002105	0.052699	0.001700	0.602877
3.850953	0.015664	0.060349	0.014505	0.291950	0.001566	0.053129	0.001792	0.599598
3.852152	0.015680	0.063800	0.006709	0.291601	0.001568	0.060164	0.001821	0.596784
3.849412	0.015677	0.057206	0.009678	0.291838	0.001845	0.045874	0.001813	0.593243
3.853782	0.015663	0.060035	0.005391	0.291764	0.001740	0.053473	0.001756	0.592112
3.852230	0.015512	0.061772	0.010263	0.291559	0.001695	0.051160	0.001727	0.591741
3.857106	0.015647	0.056236	0.017918	0.291676	0.001634	0.052092	0.001735	0.587968
3.860510	0.015754	0.061300	0.010035	0.291432	0.001165	0.057483	0.001755	0.587446
3.868334	0.015632	0.060373	0.011781	0.291396	0.002065	0.061172	0.001659	0.588252
3.877361	0.015508	0.058803	0.008525	0.291292	0.002293	0.069588	0.001750	0.583941
3.878977	0.015547	0.063433	0.003126	0.291270	0.001640	0.070013	0.001580	0.585974
3.880415	0.015462	0.058030	0.008026	0.290966	0.001700	0.067178	0.001648	0.583385
3.877627	0.015543	0.058802	0.017232	0.291246	0.001598	0.064513	0.001659	0.584155
3.879516	0.015480	0.061178	0.014930	0.291114	0.001453	0.067120	0.001659	0.584214
3.876333	0.015481	0.054066	0.011181	0.291011	0.001963	0.059193	0.001656	0.582525
3.880043	0.015534	0.057859	0.014743	0.291199	0.001337	0.061315	0.001537	0.585026
3.873837	0.015391	0.056865	0.013056	0.291020	0.001675	0.064596	0.001525	0.584456
3.878584	0.015471	0.053122	0.007168	0.291103	0.001754	0.062415	0.001555	0.584434
3.880150	0.015557	0.056741	0.008586	0.291242	0.001363	0.061285	0.001474	0.586569
3.876788	0.015534	0.052986	0.017544	0.291105	0.001562	0.059156	0.001565	0.586012
3.873898	0.015481	0.052043	0.009033	0.291232	0.001609	0.061126	0.001562	0.587555
3.870574	0.015399	0.055283	0.010595	0.291215	0.001325	0.058943	0.001527	0.589301
3.875490	0.015353	0.049126	0.015335	0.290968	0.001885	0.058666	0.001508	0.588309
3.864687	0.015489	0.050735	0.005608	0.291218	0.001643	0.056589	0.001539	0.591212
3.869007	0.015376	0.052084	0.010945	0.291183	0.001276	0.056945	0.001536	0.591785
3.868454	0.015505	0.046329	0.011992	0.291116	0.001731	0.057739	0.001535	0.591390
3.868057	0.015632	0.050831	0.008608	0.291259	0.001275	0.053868	0.001439	0.595300
3.872349	0.015481	0.048285	0.008701	0.291117	0.001541	0.052327	0.001532	0.594846
3.869192	0.015448	0.046005	0.006519	0.291232	0.001719	0.052495	0.001473	0.596889
3.864780	0.015391	0.049903	0.012154	0.291209	0.001318	0.052620	0.001345	0.599172
3.867414	0.015338	0.044119	0.007074	0.291132	0.001642	0.052917	0.001463	0.598245
3.869431	0.015476	0.046140	0.009608	0.291263	0.001681	0.053878	0.001400	0.602388
3.863768	0.015396	0.047345	0.013378	0.291197	0.001343	0.051853	0.001462	0.603214
3.865960	0.015507	0.041340	0.014662	0.291146	0.001811	0.055304	0.001448	0.602534
3.864451	0.015551	0.045806	0.013002	0.291336	0.001125	0.052084	0.001388	0.606777
3.853014	0.015390	0.044845	0.003458	0.291176	0.001451	0.055012	0.001429	0.606613
3.860697	0.015351	0.041265	0.011972	0.291224	0.001570	0.054845	0.001388	0.608067
3.864591	0.015408	0.045252	0.004977	0.291241	0.001274	0.051027	0.001327	0.610985
3.861043	0.015408	0.042015	0.015493	0.291188	0.001564	0.053403	0.001397	0.610594
3.862484	0.015536	0.040743	0.011182	0.291341	0.001683	0.054708	0.001428	0.613217
3.866489	0.015412	0.044331	0.004388	0.291335	0.001212	0.046966	0.001249	0.615199
3.864376	0.015365	0.038108	0.014086	0.291178	0.001515	0.051384	0.001319	0.613921
3.862247	0.015446	0.040663	0.010676	0.291383	0.001668	0.048279	0.001300	0.618279
3.860153	0.015362	0.042410	0.011440	0.291294	0.001346	0.047647	0.001260	0.619104
3.845317	0.015691	0.051544	0.012756	0.293030	0.001258	0.052807	0.001267	0.666625
3.843720	0.015473	0.044651	0.010710	0.292493	0.002128	0.056758	0.001255	0.659065
3.846567	0.015495	0.044721	0.005858	0.292596	0.001943	0.058585	0.001176	0.658686
3.852839	0.015565	0.046961	0.010761	0.292338	0.001228	0.055284	0.001170	0.658217
3.847808	0.015460	0.041159	0.005806	0.292011	0.001773	0.050642	0.001274	0.654147
3.849620	0.015476	0.041643	0.008896	0.292131	0.001727	0.054793	0.001246	0.655458
3.851570	0.015533	0.044858	0.014937	0.292060	0.001197	0.053389	0.001190	0.656712
3.848219	0.015360	0.039173	0.009622	0.291764	0.001983	0.051915	0.001253	0.652455
3.851130	0.015448	0.039777	0.004405	0.291886	0.001398	0.055628	0.001203	0.655043
3.853692	0.015522	0.043383	0.011033	0.291914	0.001275	0.054750	0.001195	0.657106
3.844724	0.015374	0.038357	0.010723	0.291558	0.001834	0.052003	0.001195	0.653594
3.848740	0.015448	0.038557	0.006847	0.291742	0.001435	0.056826	0.001210	0.656279
3.848844	0.015533	0.042180	0.016396	0.291770	0.001230	0.050699	0.001167	0.658586
3.839185	0.015423	0.036943	0.005832	0.291444	0.001933	0.052954	0.001235	0.654360
3.847404	0.015287	0.038032	0.006622	0.291684	0.001443	0.049904	0.001138	0.658338
3.849359	0.015448	0.040654	0.006828	0.291581	0.001187	0.051704	0.001141	0.660182
3.844353	0.015438	0.034967	0.009948	0.291283	0.001705	0.047008	0.001241	0.656223
3.844824	0.015464	0.037906	0.008616	0.291535	0.001313	0.053923	0.001167	0.660338
3.845241	0.015435	0.039017	0.009869	0.291341	0.001257	0.052095	0.001084	0.661254
3.840873	0.015313	0.034911	0.006847	0.291262	0.001602	0.053391	0.001270	0.658549
3.839698	0.015401	0.039538	0.013198	0.291583	0.001651	0.046368	0.001180	0.662761
3.840252	0.015441	0.035935	0.004859	0.291268	0.001055	0.051550	0.001123	0.661012
3.836603	0.015356	0.035680	0.004333	0.291348	0.001264	0.053300	0.001314	0.661451
3.838591	0.015530	0.038428	0.008829	0.291515	0.001185	0.045569	0.001152	0.664625
3.839229	0.015355	0.033057	0.014070	0.291167	0.001448	0.051424	0.001227	0.663256
3.834477	0.015329	0.033957	0.004524	0.291298	0.000534	0.049497	0.001204	0.662927
3.820633	0.015457	0.035933	0.011743	0.291489	0.001374	0.043448	0.001132	0.665374
3.819332	0.015448	0.028770	0.011342	0.291455	0.001115	0.039725	0.001215	0.664294
3.818579	0.015398	0.027695	0.008956	0.291586	0.001360	0.045524	0.001213	0.664216
3.815603	0.015627	0.032482	0.013275	0.291658	0.001057	0.036807	0.001243	0.664551
3.809043	0.015515	0.023853	0.004190	0.291656	0.001283	0.044828	0.001210	0.662410
3.804801	0.015455	0.025784	0.005245	0.291811	0.001412	0.039216	0.001163	0.664418
3.807137	0.015475	0.030452	0.006527	0.291576	0.001243	0.040057	0.001090	0.663323
3.804253	0.015417	0.022155	0.007885	0.291614	0.001215	0.043068	0.001196	0.661079
3.811946	0.015522	0.027042	0.017066	0.291783	0.000902	0.040765	0.001160	0.663075
3.808600	0.015527	0.026692	0.017724	0.291612	0.001224	0.042550	0.001150	0.660917
3.808020	0.015431	0.022714	0.010864	0.291701	0.001385	0.045142	0.001247	0.660964
3.815216	0.015616	0.030894	0.008807	0.291662	0.000877	0.041195	0.001226	0.660580
3.804468	0.015514	0.022070	0.008497	0.291648	0.000586	0.045744	0.001247	0.658077
3.806234	0.015588	0.025414	0.009548	0.291716	0.001552	0.043065	0.001328	0.659871
3.803634	0.015532	0.029690	0.004308	0.291544	0.001627	0.041824	0.001174	0.658935
3.807985	0.015451	0.022456	0.003097	0.291685	0.001182	0.046465	0.001261	0.656925
3.807667	0.015570	0.027237	0.014828	0.291708	0.001336	0.040077	0.001244	0.657711
3.800453	0.015607	0.028556	0.009494	0.291447	0.001074	0.042225	0.001250	0.656273
3.806528	0.015443	0.023374	0.014592	0.291586	0.001450	0.048067	0.001269	0.654668
3.802769	0.015576	0.029582	0.009346	0.291592	0.001092	0.044087	0.001219	0.654836
3.801141	0.015502	0.026991	0.012809	0.291339	0.001146	0.046062	0.001168	0.652668
3.805237	0.015430	0.024541	0.007820	0.291337	0.001177	0.047768	0.001217	0.652060
3.804400	0.015537	0.030608	0.005687	0.291414	0.000778	0.040124	0.001176	0.652186
3.803377	0.015493	0.027358	0.010394	0.291201	0.001366	0.043108	0.001145	0.649304
3.802737	0.015451	0.025287	0.013865	0.291307	0.001317	0.048058	0.001340	0.648587
3.806416	0.015559	0.032043	0.006024	0.291356	0.000851	0.044939	0.001282	0.648536
3.813774	0.015516	0.026476	0.011696	0.291194	0.001638	0.048556	0.001197	0.645710
3.801927	0.015474	0.026952	0.013400	0.291351	0.000901	0.049445	0.001178	0.646418
3.810026	0.015633	0.033884	0.017440	0.290990	0.001376	0.046627	0.001230	0.644685
3.801664	0.015514	0.025095	0.011558	0.290904	0.000989	0.046586	0.001302	0.642423
3.807481	0.015450	0.027616	0.004776	0.290827	0.000878	0.044353	0.001353	0.642953
3.804959	0.015448	0.033683	0.007056	0.290456	0.001035	0.046949	0.001275	0.641303
3.807653	0.015453	0.026108	0.014680	0.290630	0.000827	0.048541	0.001311	0.638221
3.808977	0.015550	0.030334	0.007370	0.290612	0.001138	0.047203	0.001324	0.638890
3.806790	0.015476	0.032637	0.007050	0.290232	0.000993	0.048583	0.001344	0.636809
3.809376	0.015350	0.027389	0.005792	0.290185	0.000901	0.052991	0.001399	0.633963
3.804535	0.015547	0.033401	0.013985	0.290199	0.001085	0.044351	0.001361	0.634189
3.816020	0.015509	0.031469	0.016090	0.289910	0.001083	0.049802	0.001359	0.632036
3.810511	0.015475	0.028689	0.011352	0.289915	0.000970	0.049218	0.001392	0.630750
3.817062	0.015607	0.034920	0.007092	0.289908	0.000771	0.046984	0.001399	0.630819
3.812815	0.015438	0.029318	0.003846	0.289757	0.001300	0.048916	0.001418	0.628465
3.808504	0.015340	0.029964	0.009048	0.289725	0.000833	0.043622	0.001500	0.628460
3.809194	0.015518	0.036458	0.009839	0.289510	0.000724	0.049264	0.001428	0.626962
3.810458	0.015434	0.028567	0.010771	0.289537	0.000728	0.045800	0.001539	0.625320
3.811912	0.015445	0.031565	0.006739	0.289549	0.000916	0.046991	0.001530	0.626598
3.810809	0.015535	0.036098	0.008118	0.289466	0.001048	0.049670	0.001421	0.625247
3.813147	0.015433	0.029008	0.010578	0.289432	0.001220	0.048237	0.001531	0.622957
3.808172	0.015573	0.033163	0.009756	0.289459	0.000629	0.044832	0.001541	0.625299
3.811396	0.015498	0.034193	0.010281	0.289361	0.000362	0.051930	0.001430	0.623450
3.811247	0.015547	0.030809	0.009778	0.289520	0.001163	0.046315	0.001580	0.622361
3.812610	0.015611	0.036662	0.008152	0.289809	0.001108	0.048989	0.001480	0.623338
3.808639	0.015530	0.032269	0.010903	0.289542	0.001410	0.050005	0.001476	0.621527
3.816537	0.015629	0.031762	0.013928	0.289723	0.001154	0.046770	0.001488	0.622446
3.813894	0.015729	0.038275	0.011047	0.289704	0.000778	0.048758	0.001573	0.622279
3.810562	0.015633	0.029798	0.003850	0.289822	0.000420	0.051160	0.001540	0.620857
3.813252	0.015630	0.033417	0.003510	0.290073	0.000711	0.045629	0.001519	0.623121
3.811604	0.015771	0.036896	0.013747	0.290046	0.000697	0.050973	0.001434	0.622476
3.806980	0.015754	0.031513	0.008203	0.290292	0.001256	0.049274	0.001555	0.620717
3.814586	0.015968	0.036671	0.012941	0.290635	0.000869	0.048327	0.001497	0.622563
3.813300	0.015891	0.035368	0.011563	0.290487	0.000594	0.046553	0.001579	0.620667
3.811395	0.015950	0.033066	0.005114	0.290814	0.001477	0.050732	0.001520	0.620536
3.817628	0.016116	0.037930	0.012880	0.291195	0.001307	0.052072	0.001538	0.622400
3.809974	0.016031	0.032770	0.009421	0.291233	0.000916	0.048789	0.001473	0.623329
3.814066	0.016087	0.032706	0.015176	0.291480	0.000908	0.049929	0.001589	0.625325
3.810137	0.016250	0.038382	0.008973	0.291733	0.000819	0.050955	0.001574	0.626073
3.810427	0.016105	0.031401	0.009879	0.291525	0.001260	0.049324	0.001623	0.624054
3.815367	0.016099	0.034207	0.010030	0.291575	0.000758	0.050526	0.001569	0.624473
3.811781	0.016154	0.038657	0.012288	0.291247	0.000675	0.048579	0.001616	0.624579
3.817579	0.016126	0.031743	0.012533	0.291286	0.000789	0.051927	0.001620	0.622184
3.815753	0.016090	0.036071	0.007848	0.291547	0.000653	0.049141	0.001559	0.624847
3.809500	0.016182	0.038784	0.008749	0.291441	0.000603	0.049551	0.001502	0.623586
3.816646	0.016143	0.032727	0.013967	0.291515	0.001064	0.052808	0.001576	0.621492
3.814558	0.016216	0.037001	0.006826	0.291822	0.000835	0.052244	0.001648	0.624497
3.811978	0.016191	0.039426	0.008729	0.291676	0.000710	0.053486	0.001582	0.622977
3.812721	0.016233	0.033261	0.008773	0.291784	0.000839	0.049248	0.001612	0.620807
3.814877	0.016245	0.037566	0.008059	0.292002	0.000704	0.048754	0.001570	0.623727
3.806639	0.016259	0.040682	0.007513	0.291822	0.001067	0.053104	0.001609	0.622369
3.812005	0.016185	0.033805	0.008932	0.291844	0.000621	0.052086	0.001651	0.620564
3.815529	0.016247	0.037388	0.005325	0.292045	0.000522	0.050487	0.001560	0.622942
3.811497	0.016306	0.041428	0.008616	0.291929	0.000739	0.053610	0.001636	0.621640
3.810278	0.016315	0.034674	0.013315	0.291989	0.001207	0.051286	0.001638	0.619847
3.819964	0.016292	0.038127	0.004056	0.292175	0.000739	0.053911	0.001562	0.622464
3.816595	0.016380	0.041900	0.010752	0.292117	0.000893	0.051476	0.001641	0.621660
3.808608	0.016364	0.035715	0.003925	0.291912	0.001067	0.052583	0.001654	0.620143
3.804179	0.016289	0.037967	0.011110	0.292022	0.000858	0.051897	0.001648	0.621451
3.805424	0.016395	0.042766	0.011016	0.291920	0.000658	0.052994	0.001705	0.621744
3.816450	0.016320	0.036483	0.008655	0.291837	0.001350	0.052299	0.001688	0.620217
3.811348	0.016362	0.038621	0.016541	0.292032	0.000776	0.057160	0.001575	0.621224
3.801951	0.016416	0.043260	0.010745	0.291993	0.000616	0.052986	0.001639	0.621426
3.810863	0.016348	0.038049	0.005354	0.292049	0.000659	0.051635	0.001691	0.621101
3.814001	0.016430	0.038804	0.011307	0.292121	0.000863	0.054221	0.001524	0.621297
3.809163	0.016402	0.043761	0.009073	0.292286	0.001082	0.051750	0.001762	0.622100
3.803967	0.016368	0.039483	0.012590	0.292232	0.001214	0.049540	0.001688	0.621170
3.816845	0.016461	0.038648	0.010422	0.292236	0.000954	0.054621	0.001587	0.621216
3.805751	0.016475	0.043980	0.012039	0.292476	0.001257	0.053050	0.001715	0.622092
3.815269	0.016400	0.039198	0.014827	0.292261	0.000897	0.056472	0.001700	0.621435
3.814827	0.016430	0.039450	0.011363	0.292198	0.001059	0.055992	0.001587	0.621072
3.813120	0.016462	0.044271	0.009269	0.292564	0.000739	0.052701	0.001689	0.622336
3.813302	0.016357	0.040052	0.012697	0.292447	0.000861	0.056996	0.001635	0.621175
3.813615	0.016582	0.039771	0.011009	0.292433	0.000914	0.058256	0.001662	0.620605
3.808720	0.016510	0.044371	0.006583	0.292729	0.000642	0.055122	0.001717	0.621872
3.813534	0.016486	0.040364	0.008851	0.292634	0.000693	0.054888	0.001732	0.621702
3.812221	0.016564	0.040076	0.013046	0.292581	0.000985	0.054506	0.001657	0.621185
3.812293	0.016598	0.045032	0.008407	0.292825	0.000716	0.059491	0.001668	0.622085
3.809417	0.016501	0.039684	0.008446	0.292817	0.000846	0.055878	0.001695	0.620889
3.812440	0.016497	0.041236	0.014993	0.292757	0.001156	0.057655	0.001615	0.621481
3.811816	0.016547	0.045134	0.011639	0.292724	0.000794	0.058886	0.001690	0.621430
3.811092	0.016597	0.038422	0.007288	0.292802	0.001089	0.056043	0.001727	0.619627
3.813270	0.016639	0.042623	0.006618	0.293022	0.000618	0.053913	0.001649	0.622499
3.815832	0.016565	0.044490	0.008566	0.292998	0.000612	0.058624	0.001736	0.621363
3.812229	0.016590	0.039292	0.018307	0.292849	0.001341	0.056066	0.001712	0.618927
3.812610	0.016741	0.044186	0.015288	0.293168	0.000946	0.056457	0.001632	0.622167
3.812002	0.016609	0.042443	0.010694	0.293101	0.000586	0.057441	0.001745	0.621228
3.815359	0.016703	0.040919	0.008703	0.293057	0.000989	0.056209	0.001672	0.620198
3.810024	0.016801	0.045884	0.012670	0.293408	0.000968	0.060947	0.001690	0.621837
3.814477	0.016646	0.040662	0.005132	0.292950	0.000923	0.052582	0.001767	0.619678
3.811208	0.016558	0.042260	0.010840	0.292463	0.001045	0.055323	0.001649	0.618331
3.809189	0.016574	0.046472	0.008536	0.292085	0.000527	0.059763	0.001831	0.619572
3.814091	0.016498	0.040916	0.005917	0.291949	0.001038	0.055821	0.001792	0.615277
3.811526	0.016452	0.044477	0.008218	0.291915	0.000889	0.058658	0.001604	0.615575
3.811147	0.016336	0.047208	0.009957	0.291649	0.000766	0.059057	0.001766	0.613786
3.814882	0.016390	0.042915	0.014091	0.291401	0.001563	0.061004	0.001812	0.610223
3.808847	0.016502	0.047691	0.014424	0.291557	0.001348	0.061360	0.001703	0.612254
3.811457	0.016212	0.046360	0.008802	0.291263	0.000461	0.062171	0.001789	0.610677
3.814231	0.016171	0.045149	0.005721	0.290869	0.001207	0.059631	0.001766	0.608601
3.815503	0.016191	0.050067	0.014492	0.290884	0.000992	0.061331	0.001757	0.608885
3.813023	0.015994	0.045435	0.010987	0.290708	0.000860	0.062280	0.001880	0.607929
3.813683	0.016007	0.047409	0.011277	0.290374	0.001254	0.062758	0.001722	0.607529
3.811248	0.015926	0.050530	0.007848	0.290229	0.000719	0.056902	0.001755	0.607995
3.814003	0.015940	0.045150	0.009525	0.290266	0.001273	0.058733	0.001736	0.605395
3.811995	0.015783	0.048549	0.011603	0.290052	0.001106	0.059501	0.001742	0.607723
3.815719	0.015768	0.051390	0.010432	0.289789	0.000869	0.062864	0.001734	0.607607
3.811121	0.015815	0.045723	0.007411	0.289704	0.001020	0.063380	0.001730	0.604510
3.810053	0.015869	0.050256	0.014592	0.289703	0.000768	0.061913	0.001717	0.607535
3.809552	0.015490	0.051098	0.004734	0.289396	0.000977	0.060941	0.001797	0.607728
3.810668	0.015575	0.047723	0.012274	0.289109	0.001675	0.059152	0.001715	0.605720
3.812544	0.015689	0.052817	0.015144	0.289225	0.001299	0.064185	0.001747	0.607824
3.815140	0.015503	0.050492	0.009825	0.289116	0.000469	0.061108	0.001875	0.608191
3.808978	0.015505	0.049019	0.008388	0.288939	0.001295	0.059874	0.001804	0.607165
3.814210	0.015557	0.054269	0.010502	0.288867	0.001374	0.068212	0.001715	0.608069
3.811654	0.015305	0.050126	0.008243	0.288775	0.000565	0.061092	0.001841	0.607890
3.818559	0.015269	0.051095	0.010006	0.288540	0.001534	0.065840	0.001768	0.607678
3.811040	0.015262	0.054782	0.009612	0.288423	0.000628	0.066899	0.001721	0.610222
3.816728	0.015254	0.049103	0.014380	0.288399	0.001338	0.065918	0.001738	0.607502
3.805627	0.015311	0.054572	0.009594	0.288551	0.000862	0.069460	0.001753	0.611425
3.816109	0.015073	0.053416	0.004301	0.288343	0.000260	0.066137	0.001781	0.612366
3.830632	0.015169	0.051191	0.004979	0.288280	0.001594	0.071463	0.001714	0.610568
3.807040	0.015223	0.055700	0.006600	0.288339	0.001162	0.070209	0.001673	0.613013
3.823856	0.015078	0.052081	0.013146	0.288482	0.000394	0.068096	0.001834	0.613132
3.822432	0.015039	0.053048	0.007161	0.288281	0.001447	0.072832	0.001715	0.612930
3.814506	0.015055	0.056279	0.006872	0.288185	0.000711	0.068434	0.001799	0.614174
3.820946	0.015144	0.050474	0.006418	0.288400	0.000837	0.068747	0.001779	0.612257
3.815629	0.015138	0.054279	0.009359	0.288367	0.001025	0.070084	0.001712	0.614094
3.818106	0.014903	0.055482	0.015469	0.288215	0.000891	0.070824	0.001794	0.615696
3.818357	0.015030	0.051467	0.016967	0.288345	0.001464	0.066053	0.001719	0.612078
3.808467	0.015170	0.056371	0.012196	0.288542	0.001486	0.072580	0.001723	0.614476
3.815509	0.014868	0.053707	0.002567	0.288470	0.000366	0.069800	0.001826	0.614832
3.812323	0.015001	0.052886	0.009497	0.288538	0.001082	0.069226	0.001745	0.612996
3.813592	0.015109	0.056567	0.008338	0.288537	0.000706	0.072488	0.001636	0.615555
3.818837	0.015040	0.051190	0.004942	0.288779	0.000992	0.069786	0.001675	0.612908
3.816761	0.014990	0.054660	0.010123	0.288560	0.001575	0.074113	0.001651	0.613999
3.816519	0.014993	0.056673	0.015580	0.288505	0.000536	0.067705	0.001691	0.615780
3.820472	0.015033	0.050911	0.016264	0.288773	0.000696	0.071683	0.001680	0.612629
3.816777	0.015146	0.056157	0.008176	0.288717	0.000910	0.074007	0.001715	0.614487
3.813585	0.014905	0.055701	0.009320	0.288637	0.000633	0.069217	0.001782	0.615874
3.825082	0.014895	0.052448	0.019463	0.288629	0.001534	0.073226	0.001690	0.612595
3.818248	0.015152	0.057905	0.010630	0.288638	0.001284	0.075987	0.001707	0.614632
3.814621	0.014938	0.053400	0.009910	0.288788	0.000740	0.067860	0.001780	0.614195
3.821785	0.014940	0.053872	0.006978	0.288725	0.001518	0.072989	0.001699	0.613724
3.812208	0.015013	0.057205	0.009300	0.288560	0.000334	0.075164	0.001653	0.615806
3.823614	0.015016	0.051198	0.013389	0.288789	0.000853	0.068955	0.001657	0.612682
3.818172	0.015005	0.055920	0.007411	0.288571	0.001448	0.070143	0.001742	0.614508
3.814440	0.014807	0.056083	0.009747	0.288550	0.000719	0.074168	0.001745	0.615772
3.823844	0.014965	0.052846	0.012263	0.288563	0.001468	0.071777	0.001691	0.613025
3.815449	0.015057	0.058186	0.010013	0.288602	0.001034	0.075786	0.001713	0.615048
3.819365	0.014964	0.052933	0.009637	0.288650	0.000591	0.072290	0.001733	0.613858
3.824481	0.014819	0.054749	0.014370	0.288560	0.001922	0.074587	0.001680	0.614273
3.819805	0.014854	0.057162	0.008042	0.288301	0.000795	0.073607	0.001725	0.616384
3.814000	0.014948	0.051752	0.007278	0.288681	0.000548	0.070955	0.001602	0.612739
3.816201	0.014972	0.058069	0.012846	0.288531	0.001187	0.079376	0.001698	0.614979
3.823554	0.014845	0.055399	0.007370	0.288325	0.000767	0.072792	0.001832	0.616382
3.821262	0.014854	0.053194	0.009882	0.288523	0.001016	0.075317	0.001758	0.613569
3.817290	0.014965	0.058054	0.016383	0.288332	0.000715	0.074922	0.001659	0.616214
3.817083	0.014955	0.052748	0.009008	0.288461	0.000591	0.070288	0.001712	0.614246
3.823829	0.014788	0.056285	0.009089	0.288381	0.001383	0.077390	0.001731	0.614738
3.827613	0.014766	0.057229	0.016721	0.288173	0.001187	0.076910	0.001698	0.617346
3.828498	0.014856	0.052137	0.004399	0.288482	0.000441	0.072133	0.001717	0.613614
3.815697	0.014903	0.058577	0.006689	0.288340	0.001530	0.081817	0.001695	0.615564
3.815761	0.014674	0.054793	0.004228	0.288298	0.000422	0.072767	0.001789	0.616069
3.822426	0.014696	0.054495	0.012508	0.288406	0.001740	0.077144	0.001744	0.615099
3.820518	0.014946	0.058194	0.010297	0.288088	0.000568	0.084079	0.001705	0.617735
3.817484	0.014840	0.052921	0.012135	0.288275	0.000984	0.076841	0.001651	0.614524
3.826132	0.014764	0.056416	0.016948	0.288265	0.001559	0.075794	0.001787	0.615508
3.819520	0.014783	0.057424	0.009711	0.288172	0.001120	0.072277	0.001748	0.618691
3.828985	0.014779	0.052672	0.005734	0.288286	0.000444	0.077195	0.001646	0.615124
3.817393	0.014822	0.057842	0.010273	0.288103	0.001524	0.084125	0.001761	0.616220
3.834778	0.014769	0.056837	0.011780	0.287853	0.000951	0.080398	0.001737	0.618232
3.824009	0.014791	0.054151	0.014124	0.288105	0.000967	0.075628	0.001778	0.615972
3.828407	0.014906	0.058960	0.009652	0.287894	0.000905	0.080287	0.001702	0.618055
3.822169	0.014739	0.055570	0.007157	0.287944	0.000410	0.074939	0.001745	0.617698
3.828659	0.014692	0.055236	0.010178	0.288001	0.001237	0.078041	0.001711	0.616770
3.830652	0.014838	0.058840	0.018589	0.287822	0.001330	0.081656	0.001717	0.619980
3.825638	0.014835	0.054760	0.008162	0.287895	0.000625	0.073595	0.001738	0.617027
3.837677	0.014638	0.055474	0.010003	0.287805	0.001428	0.077761	0.001695	0.616990
3.827799	0.014729	0.058147	0.008885	0.287837	0.000702	0.077199	0.001728	0.620330
3.823444	0.014751	0.053836	0.007268	0.287907	0.000785	0.080363	0.001763	0.616596
3.824676	0.014803	0.058174	0.012692	0.287840	0.001031	0.084244	0.001723	0.617400
3.834181	0.014804	0.057538	0.013010	0.287607	0.001007	0.077878	0.001726	0.620344
3.833906	0.014787	0.054038	0.004166	0.287701	0.000774	0.082232	0.001744	0.617210
3.825294	0.014773	0.060085	0.005272	0.287338	0.001320	0.084897	0.001734	0.619008
3.838261	0.014794	0.056334	0.007997	0.287271	0.000579	0.078207	0.001807	0.620143
3.835392	0.014750	0.054527	0.014676	0.287326	0.001148	0.081368	0.001726	0.617022
3.835480	0.014774	0.059139	0.014586	0.287316	0.001226	0.085864	0.001772	0.620576
3.831869	0.014806	0.054497	0.009245	0.287173	0.000905	0.080454	0.001789	0.617890
3.840049	0.014732	0.056967	0.005085	0.287010	0.001696	0.087379	0.001757	0.617149
3.827132	0.014724	0.057424	0.003418	0.286990	0.001254	0.080227	0.001804	0.620083
3.837192	0.014799	0.053013	0.007773	0.287044	0.001007	0.076701	0.001811	0.616532
3.836905	0.014841	0.058199	0.012200	0.287051	0.001229	0.086105	0.001768	0.617542
3.833560	0.014858	0.056495	0.012300	0.286971	0.001027	0.083430	0.001731	0.619575
3.835048	0.014781	0.054096	0.008881	0.286954	0.001308	0.077921	0.001775	0.617154
3.831459	0.014784	0.058119	0.014312	0.286985	0.001332	0.086961	0.001831	0.621304
3.836151	0.014926	0.052903	0.014949	0.287021	0.000812	0.079583	0.001753	0.617306
3.832849	0.014869	0.057529	0.012027	0.287029	0.001343	0.083709	0.001721	0.618281
3.835853	0.014941	0.055776	0.012402	0.286805	0.001245	0.081735	0.001787	0.619917
3.843563	0.014913	0.053708	0.014560	0.286772	0.001050	0.079747	0.001768	0.617729
3.838768	0.014975	0.056864	0.011760	0.286926	0.001641	0.082948	0.001780	0.621429
3.840172	0.014961	0.053030	0.009171	0.286878	0.000871	0.081121	0.001794	0.618701
3.836324	0.014940	0.056576	0.011325	0.287043	0.001806	0.088134	0.001803	0.619619
3.837291	0.015109	0.055973	0.006640	0.287073	0.000846	0.083209	0.001838	0.622324
3.842081	0.015083	0.051766	0.010146	0.287214	0.001022	0.079516	0.001706	0.619240
3.840783	0.015020	0.056827	0.010890	0.287404	0.000812	0.084928	0.001789	0.620935
3.842697	0.015190	0.054917	0.013458	0.287368	0.001076	0.085547	0.001792	0.621930
3.841923	0.015141	0.052168	0.012879	0.287484	0.001379	0.078978	0.001822	0.620717
3.832293	0.015144	0.055991	0.009908	0.287712	0.000766	0.083665	0.001830	0.624358
3.847393	0.015170	0.051887	0.003250	0.287652	0.001323	0.078758	0.001774	0.623265
3.842006	0.015071	0.052647	0.006230	0.287706	0.001248	0.082414	0.001808	0.621489
3.835649	0.015291	0.055133	0.011446	0.288092	0.001347	0.084907	0.001907	0.626558
3.840930	0.015394	0.050233	0.014948	0.287958	0.001119	0.078895	0.001766	0.623160
3.842457	0.015301	0.053778	0.010630	0.288407	0.001678	0.086088	0.001824	0.624111
3.838731	0.015489	0.053499	0.007693	0.288504	0.001320	0.078162	0.001863	0.626687
3.840902	0.015604	0.049428	0.006034	0.288669	0.001128	0.080746	0.001764	0.624862
3.844368	0.015453	0.054121	0.014709	0.289139	0.001134	0.082318	0.001833	0.627438
3.841886	0.015759	0.050944	0.012813	0.289315	0.001431	0.076087	0.001821	0.629460
3.845118	0.015810	0.048623	0.010400	0.289393	0.001554	0.077260	0.001803	0.628710
3.833762	0.015858	0.052672	0.004067	0.290186	0.000942	0.083476	0.001896	0.633478
3.841742	0.015811	0.048818	0.008430	0.289818	0.001131	0.078543	0.001842	0.632052
3.841780	0.015744	0.049808	0.008001	0.289726	0.001627	0.081457	0.001783	0.628788
3.839549	0.015722	0.052371	0.013865	0.289869	0.000956	0.077736	0.001962	0.633271
3.841908	0.015795	0.047146	0.013273	0.289506	0.001381	0.077400	0.001827	0.629662
3.842854	0.015814	0.052081	0.017465	0.289769	0.001792	0.081085	0.001913	0.630272
3.841817	0.015918	0.051341	0.009143	0.289814	0.001224	0.078772	0.001871	0.633008
3.837280	0.015946	0.047259	0.004837	0.289884	0.001353	0.078136	0.001779	0.629197
3.837882	0.015858	0.052754	0.007623	0.290187	0.000881	0.082756	0.001882	0.632190
3.846206	0.015946	0.049326	0.005062	0.290023	0.001655	0.082498	0.001841	0.631839
3.842811	0.015845	0.048942	0.014305	0.290104	0.001748	0.082003	0.001801	0.630279
3.832866	0.015919	0.052338	0.011461	0.290571	0.000896	0.079538	0.001910	0.633924
3.842758	0.016024	0.047250	0.008930	0.290303	0.001580	0.075962	0.001831	0.630925
3.843264	0.015967	0.050866	0.009791	0.290522	0.002309	0.081702	0.001846	0.630950
3.832094	0.016007	0.050734	0.007286	0.290681	0.001900	0.076429	0.001927	0.633708
3.840561	0.016009	0.046904	0.008296	0.290476	0.001852	0.077911	0.001787	0.630617
3.840434	0.015994	0.052239	0.009569	0.290904	0.001029	0.080524	0.001931	0.632509
3.837531	0.016069	0.048812	0.013857	0.290808	0.001488	0.077990	0.001798	0.633041
3.842617	0.015940	0.048274	0.015175	0.290784	0.001989	0.078950	0.001779	0.630720
3.832858	0.016037	0.051276	0.018161	0.291114	0.001706	0.078869	0.001950	0.634699
3.848885	0.016099	0.046309	0.017242	0.290862	0.001712	0.072818	0.001757	0.630915
3.843198	0.016073	0.050625	0.009524	0.291081	0.001729	0.079514	0.001823	0.631382
3.838409	0.016094	0.050970	0.003501	0.291286	0.000699	0.078667	0.001817	0.634329
3.849273	0.016108	0.046230	0.003727	0.290932	0.001502	0.077671	0.001771	0.631531
3.838753	0.016121	0.051679	0.015356	0.291240	0.001086	0.079612	0.001879	0.632599
3.846298	0.016116	0.049689	0.010462	0.291295	0.001610	0.079278	0.001864	0.633970
3.837132	0.016178	0.047436	0.013219	0.291161	0.001437	0.077406	0.001778	0.631778
3.840608	0.016187	0.051488	0.011221	0.291635	0.001604	0.083546	0.001904	0.635184
3.846848	0.016296	0.047170	0.011075	0.291319	0.001648	0.073325	0.001768	0.633376
3.841214	0.016115	0.049708	0.006652	0.291520	0.002402	0.081883	0.001846	0.632609
3.838108	0.016146	0.050453	0.008615	0.291798	0.000976	0.077692	0.001949	0.635946
3.836778	0.016268	0.046293	0.008607	0.291485	0.001362	0.072366	0.001795	0.632448
3.843803	0.016226	0.051860	0.005858	0.291811	0.001659	0.081575	0.001860	0.635215
3.848342	0.016257	0.048430	0.009254	0.291708	0.001842	0.076325	0.001790	0.634261
3.841831	0.016205	0.047908	0.010949	0.291625	0.001811	0.084372	0.001756	0.633172
3.844577	0.016224	0.050315	0.019413	0.292040	0.001692	0.074301	0.001823	0.636972
3.839532	0.016228	0.046031	0.010768	0.291746	0.001727	0.076319	0.001753	0.633465
3.837205	0.016293	0.051732	0.016401	0.292088	0.001649	0.081598	0.001893	0.635587
3.845050	0.016326	0.049903	0.016233	0.292150	0.001655	0.082228	0.001823	0.636310
3.841236	0.016360	0.047856	0.012146	0.292042	0.002058	0.081458	0.001765	0.634208
3.842444	0.016278	0.051661	0.011345	0.292388	0.002016	0.080582	0.001923	0.637295
3.836436	0.016313	0.047723	0.002970	0.292214	0.001712	0.078692	0.001794	0.635924
3.844123	0.016192	0.049699	0.008565	0.292167	0.002105	0.084482	0.001803	0.635116
3.843828	0.016309	0.050989	0.012601	0.292447	0.002010	0.079632	0.001871	0.638963
3.841298	0.016423	0.046413	0.010740	0.292116	0.001746	0.079320	0.001727	0.635151
3.838531	0.016368	0.052183	0.009519	0.292405	0.001727	0.081559	0.001837	0.637549
3.842914	0.016425	0.049625	0.012897	0.292420	0.002585	0.078020	0.001767	0.637585
3.842045	0.016338	0.047702	0.014615	0.292303	0.002218	0.079365	0.001805	0.636133
3.837689	0.016367	0.051659	0.007992	0.292620	0.001209	0.081933	0.001868	0.638981
3.842232	0.016407	0.047924	0.003403	0.292500	0.002180	0.077856	0.001772	0.637909
3.841917	0.016400	0.049444	0.004512	0.292652	0.002235	0.081095	0.001743	0.637249
3.834875	0.016340	0.051473	0.008083	0.292688	0.001755	0.077795	0.001928	0.640666
3.843312	0.016260	0.047106	0.011404	0.292084	0.001961	0.075861	0.001735	0.634506
3.840646	0.016429	0.052701	0.013158	0.292112	0.001878	0.084825	0.001815	0.637474
3.846971	0.016266	0.051184	0.018855	0.291839	0.002637	0.078789	0.001827	0.636749
3.849005	0.016344	0.049426	0.013076	0.291511	0.002151	0.080668	0.001789	0.632599
3.840343	0.016272	0.054251	0.006859	0.291775	0.001230	0.087343	0.001889	0.634185
3.847095	0.016134	0.050793	0.007359	0.291414	0.002069	0.073430	0.001750	0.631178
3.850374	0.016118	0.053407	0.004034	0.291101	0.002448	0.085351	0.001722	0.629065
3.847119	0.016041	0.055486	0.010171	0.291192	0.000911	0.086093	0.001859	0.631393
3.842710	0.016070	0.051580	0.012754	0.290661	0.002007	0.081980	0.001618	0.626522
3.848628	0.015995	0.056977	0.015415	0.290636	0.002168	0.088405	0.001651	0.628279
3.842556	0.015751	0.057012	0.005849	0.290647	0.001296	0.088057	0.001768	0.629747
3.844780	0.015784	0.052889	0.012220	0.290210	0.001693	0.083936	0.001656	0.626236
3.833239	0.015781	0.058742	0.011184	0.290426	0.002001	0.087142	0.001604	0.629006
3.849931	0.015663	0.056937	0.017787	0.290350	0.001994	0.081920	0.001724	0.629632
3.849939	0.015634	0.054655	0.012478	0.289840	0.001932	0.082226	0.001606	0.627116
3.837071	0.015642	0.059403	0.006896	0.290007	0.001534	0.089992	0.001700	0.630153
3.847710	0.015447	0.056458	0.008738	0.289643	0.002098	0.084488	0.001653	0.629187
3.840552	0.015466	0.056675	0.012148	0.289442	0.002129	0.087783	0.001514	0.626924
3.845511	0.015337	0.059611	0.018035	0.289486	0.001827	0.086371	0.001763	0.631562
3.843429	0.015257	0.056449	0.006831	0.289271	0.002138	0.080396	0.001494	0.629016
3.839962	0.015340	0.058957	0.005222	0.289034	0.002463	0.091436	0.001498	0.628932
3.844396	0.015223	0.060853	0.014462	0.289251	0.001326	0.088355	0.001757	0.632021
3.849902	0.015138	0.057035	0.015687	0.288739	0.002245	0.086467	0.001536	0.629338
3.847539	0.015287	0.061527	0.013095	0.288880	0.002327	0.089380	0.001446	0.631180
3.841057	0.015127	0.061391	0.007795	0.288953	0.001569	0.087656	0.001671	0.633370
3.848082	0.015040	0.058200	0.005672	0.288498	0.001802	0.083027	0.001603	0.630458
3.846540	0.015096	0.062898	0.012102	0.288748	0.001200	0.092527	0.001526	0.633469
3.847611	0.014936	0.061563	0.007989	0.288593	0.001600	0.086306	0.001583	0.633533
3.847632	0.014843	0.059595	0.011721	0.288207	0.002367	0.085654	0.001425	0.632983
3.849719	0.014888	0.063661	0.011265	0.288497	0.002086	0.090021	0.001506	0.637072
3.840776	0.014875	0.061064	0.006320	0.288283	0.002363	0.087388	0.001558	0.636139
3.847973	0.014856	0.061258	0.013329	0.288105	0.002421	0.089016	0.001458	0.635786
3.838712	0.014913	0.064195	0.015252	0.288635	0.001675	0.091927	0.001622	0.639791
3.840754	0.014796	0.060809	0.009461	0.288376	0.002229	0.082652	0.001528	0.637685
3.839987	0.014874	0.063334	0.007758	0.288381	0.003031	0.092449	0.001397	0.637554
3.840221	0.014772	0.064475	0.011691	0.288651	0.001483	0.092960	0.001508	0.641794
3.843883	0.014830	0.060412	0.007305	0.288455	0.002160	0.086145	0.001512	0.638195
3.834349	0.014840	0.065699	0.008820	0.288603	0.002161	0.093392	0.001306	0.640550
3.841227	0.014766	0.064147	0.014320	0.288701	0.002828	0.088782	0.001484	0.642607
3.843202	0.014752	0.061462	0.005763	0.288580	0.002204	0.089562	0.001489	0.639218
3.840830	0.014783	0.066218	0.003787	0.288863	0.000940	0.092822	0.001477	0.642818
3.843964	0.014716	0.063751	0.009488	0.288802	0.002941	0.088063	0.001525	0.642701
3.841470	0.014738	0.063433	0.012914	0.288628	0.002594	0.090859	0.001445	0.641516
3.837180	0.014705	0.065992	0.020138	0.288848	0.002332	0.094191	0.001510	0.644916
3.846448	0.014665	0.062821	0.009702	0.288706	0.002402	0.084355	0.001517	0.642925
3.837243	0.014723	0.065154	0.007561	0.288702	0.002816	0.093684	0.001315	0.642663
3.834622	0.014717	0.066374	0.008005	0.288882	0.002184	0.095069	0.001511	0.646220
3.839224	0.014707	0.061849	0.008053	0.288678	0.002465	0.086815	0.001489	0.642409
3.836391	0.014749	0.067502	0.008855	0.288853	0.002320	0.096696	0.001380	0.645612
3.846956	0.014709	0.066762	0.012763	0.288939	0.002393	0.090094	0.001485	0.647244
3.837413	0.014665	0.062836	0.004524	0.288813	0.002630	0.091493	0.001473	0.643871
3.837884	0.014710	0.068177	0.012066	0.289073	0.001462	0.096634	0.001297	0.647530
3.841677	0.014631	0.065573	0.009981	0.288904	0.002818	0.087775	0.001407	0.647912
3.847936	0.014648	0.064101	0.016406	0.288704	0.003127	0.091975	0.001467	0.645254
3.839290	0.014769	0.067632	0.007987	0.289011	0.002705	0.092612	0.001388	0.649205
3.842494	0.014647	0.064878	0.003031	0.288835	0.002438	0.089031	0.001418	0.647879
3.849569	0.014623	0.065668	0.012231	0.288751	0.002412	0.099818	0.001410	0.646590
3.839731	0.014664	0.067749	0.007619	0.288907	0.002571	0.095190	0.001510	0.650560
3.843641	0.014611	0.064916	0.006652	0.288730	0.002490	0.087615	0.001397	0.647873
3.847370	0.014564	0.066686	0.009564	0.288657	0.002554	0.088880	0.001398	0.647860
3.839030	0.014709	0.068240	0.013883	0.288981	0.001930	0.093038	0.001509	0.651638
3.840068	0.014571	0.064527	0.011694	0.288760	0.002387	0.088728	0.001454	0.647877
3.846041	0.014692	0.068223	0.013764	0.288827	0.002931	0.097927	0.001373	0.649647
3.846785	0.014518	0.068604	0.006765	0.288763	0.002255	0.089734	0.001469	0.652607
3.843635	0.014634	0.065113	0.010777	0.288691	0.002401	0.092212	0.001454	0.648780
3.839153	0.014672	0.069290	0.013093	0.288948	0.001405	0.097783	0.001325	0.652364
3.839544	0.014550	0.067995	0.008240	0.288741	0.003168	0.093349	0.001261	0.652750
3.843977	0.014566	0.065688	0.011717	0.288612	0.002530	0.087929	0.001391	0.650302
3.841470	0.014610	0.069477	0.010046	0.288849	0.002292	0.094756	0.001307	0.654223
3.842284	0.014533	0.066792	0.007649	0.288729	0.002633	0.086535	0.001466	0.652335
3.839904	0.014548	0.068219	0.008179	0.288567	0.002722	0.096575	0.001359	0.651668
3.842410	0.014572	0.069955	0.014048	0.288899	0.001923	0.100267	0.001355	0.655635
3.838309	0.014585	0.065660	0.008705	0.288689	0.002676	0.088979	0.001438	0.652389
3.843028	0.014635	0.070454	0.019529	0.288724	0.003306	0.097005	0.001324	0.654429
3.837296	0.014493	0.070151	0.006316	0.288839	0.002589	0.096276	0.001337	0.656665
3.847544	0.014563	0.066232	0.008834	0.288656	0.002324	0.088665	0.001474	0.653425
3.832638	0.014555	0.071124	0.004707	0.288845	0.002245	0.095974	0.001285	0.656405
3.838236	0.014553	0.069982	0.013864	0.288862	0.002553	0.094593	0.001380	0.657548
3.842293	0.014576	0.067302	0.006617	0.288466	0.003102	0.091466	0.001516	0.654938
3.830858	0.014607	0.071003	0.007543	0.288896	0.002273	0.096519	0.001235	0.657929
3.845140	0.014468	0.069491	0.013678	0.288679	0.002604	0.087657	0.001374	0.657543
3.837811	0.014561	0.068394	0.005116	0.288413	0.003009	0.095899	0.001441	0.655505
3.833274	0.014534	0.072394	0.010727	0.288741	0.002475	0.097561	0.001357	0.659666
3.841711	0.014476	0.069000	0.006412	0.288555	0.002747	0.088124	0.001385	0.657942
3.844426	0.014435	0.071105	0.009264	0.288553	0.003126	0.095258	0.001444	0.658549
3.836617	0.014466	0.071973	0.009436	0.288827	0.002371	0.094259	0.001391	0.661439
3.841454	0.014546	0.067614	0.008895	0.288421	0.002515	0.090847	0.001446	0.657454
3.840208	0.014520	0.072808	0.011009	0.288695	0.002225	0.098383	0.001324	0.660946
3.842540	0.014570	0.071568	0.015153	0.288677	0.002721	0.094817	0.001407	0.661554
3.845615	0.014441	0.068706	0.014298	0.288229	0.003352	0.090854	0.001427	0.658830
3.841696	0.014549	0.073307	0.009635	0.288723	0.003108	0.097253	0.001359	0.663849
3.837073	0.014516	0.070123	0.003166	0.288549	0.002382	0.091302	0.001460	0.660856
3.845075	0.014535	0.070943	0.011026	0.288286	0.002888	0.093912	0.001419	0.660531
3.840622	0.014560	0.072777	0.011977	0.288492	0.002282	0.094470	0.001351	0.663973
3.841476	0.014593	0.069175	0.010255	0.288021	0.003171	0.088966	0.001446	0.661020
3.841292	0.014607	0.073283	0.012776	0.288096	0.003009	0.092488	0.001366	0.662491
3.846258	0.014559	0.072900	0.015690	0.288256	0.003058	0.095110	0.001326	0.663818
3.847431	0.014530	0.068784	0.012798	0.287955	0.003364	0.092019	0.001435	0.660071
3.833613	0.014584	0.073708	0.003716	0.288219	0.002338	0.097097	0.001359	0.664490
3.839991	0.014505	0.070638	0.008980	0.288047	0.003055	0.088262	0.001405	0.662741
3.840355	0.014612	0.071248	0.008167	0.287781	0.003221	0.094560	0.001374	0.661095
3.840749	0.014542	0.072594	0.012359	0.288076	0.002013	0.095427	0.001308	0.665417
3.841946	0.014643	0.068574	0.009034	0.287893	0.002599	0.086818	0.001459	0.661108
3.833047	0.014650	0.073363	0.011378	0.287898	0.002603	0.100513	0.001339	0.663615
3.842865	0.014673	0.072136	0.010197	0.288024	0.003245	0.092319	0.001317	0.664877
3.842085	0.014731	0.069695	0.012781	0.287839	0.003169	0.092383	0.001506	0.662215
3.841018	0.014671	0.072956	0.010771	0.288092	0.001912	0.096257	0.001273	0.665632
3.846179	0.014626	0.070613	0.006795	0.288123	0.002851	0.091597	0.001447	0.664870
3.839877	0.014777	0.071081	0.009520	0.288008	0.003096	0.090748	0.001489	0.663892
3.837244	0.014758	0.072695	0.006879	0.288302	0.001842	0.096718	0.001418	0.667941
3.841700	0.014815	0.068580	0.008460	0.288130	0.003122	0.086498	0.001453	0.664679
3.840746	0.014816	0.072770	0.009203	0.288133	0.003312	0.097799	0.001434	0.666893
3.845980	0.014803	0.072075	0.010605	0.288311	0.003104	0.098924	0.001343	0.669811
3.841659	0.014953	0.068117	0.007718	0.288199	0.002786	0.087078	0.001535	0.665756
3.839542	0.014922	0.072602	0.010491	0.288584	0.002196	0.096162	0.001322	0.669486
3.846689	0.014975	0.071075	0.011778	0.288632	0.002634	0.089320	0.001400	0.670587
3.844695	0.015058	0.069153	0.013268	0.288443	0.003316	0.093023	0.001505	0.667847
3.838122	0.015179	0.072580	0.009123	0.288906	0.002603	0.094227	0.001439	0.672494
3.840993	0.015123	0.069604	0.005004	0.289051	0.002975	0.083771	0.001495	0.671423
3.847487	0.015199	0.070093	0.010065	0.288964	0.003304	0.092460	0.001534	0.671714
3.834362	0.015259	0.071913	0.014759	0.289422	0.001588	0.098437	0.001425	0.675483
3.841036	0.015293	0.068202	0.007044	0.289304	0.003398	0.084201	0.001490	0.672858
3.849291	0.015341	0.070817	0.006911	0.289386	0.003615	0.092221	0.001537	0.673768
3.839484	0.015364	0.071089	0.003996	0.289806	0.002300	0.094823	0.001480	0.677069
3.838000	0.015483	0.066568	0.007040	0.290019	0.003278	0.086617	0.001581	0.674562
3.839642	0.015556	0.071346	0.008318	0.290340	0.002856	0.092215	0.001381	0.679035
3.840256	0.015598	0.068925	0.012838	0.290501	0.002830	0.081550	0.001376	0.680571
3.848687	0.015748	0.067236	0.011201	0.290532	0.002964	0.085123	0.001575	0.679108
3.832062	0.015786	0.069348	0.014152	0.291166	0.002097	0.088165	0.001401	0.684026
3.841753	0.015813	0.066443	0.014927	0.291146	0.003651	0.079007	0.001504	0.683308
3.844277	0.015739	0.068864	0.009358	0.290636	0.004117	0.091186	0.001533	0.681512
3.835384	0.015827	0.069731	0.009422	0.291124	0.003043	0.091409	0.001474	0.685737
3.846863	0.015794	0.065537	0.004728	0.290681	0.002963	0.081998	0.001544	0.681860
3.835258	0.015826	0.070598	0.006194	0.290941	0.002939	0.089553	0.001375	0.685330
3.845546	0.015880	0.067783	0.006893	0.291105	0.003236	0.079445	0.001481	0.684628
3.852601	0.015884	0.069390	0.005672	0.290918	0.002935	0.091255	0.001538	0.683826
3.847540	0.015886	0.069357	0.007231	0.291274	0.002919	0.085363	0.001431	0.686941
3.844489	0.015894	0.065520	0.006334	0.291225	0.003109	0.081205	0.001553	0.682956
3.841034	0.015895	0.070789	0.012603	0.291370	0.002784	0.086353	0.001436	0.686561
3.844064	0.016039	0.069355	0.010421	0.291504	0.002990	0.085414	0.001563	0.686837
3.840781	0.015960	0.067830	0.006155	0.291318	0.003596	0.087344	0.001549	0.684913
3.823344	0.016029	0.070252	0.011260	0.291570	0.002240	0.090016	0.001454	0.689120
3.841052	0.016004	0.067444	0.010410	0.291620	0.003751	0.079686	0.001520	0.685920
3.845760	0.016017	0.070562	0.014635	0.291401	0.003898	0.087632	0.001523	0.686747
3.833399	0.016058	0.069455	0.011134	0.291705	0.002975	0.084687	0.001518	0.689340
3.843083	0.016165	0.066159	0.006767	0.291753	0.003316	0.081040	0.001693	0.685207
3.839922	0.016105	0.070974	0.009425	0.291683	0.002596	0.087752	0.001424	0.688252
3.835436	0.016195	0.069794	0.013793	0.291864	0.003050	0.082182	0.001563	0.689695
3.848998	0.016220	0.067591	0.015959	0.291671	0.003797	0.085029	0.001582	0.686767
3.835011	0.016191	0.070982	0.009021	0.291753	0.002316	0.089462	0.001433	0.689770
3.844305	0.016208	0.068468	0.011622	0.291936	0.004121	0.081810	0.001546	0.688659
3.839692	0.016160	0.070275	0.008518	0.291799	0.004037	0.090676	0.001642	0.688658
3.839935	0.016243	0.070454	0.007485	0.292063	0.003417	0.084674	0.001506	0.691881
3.838763	0.016290	0.066779	0.004020	0.292206	0.003854	0.081638	0.001633	0.687299
3.829457	0.016237	0.072131	0.005294	0.292132	0.002937	0.089216	0.001446	0.691066
3.843837	0.016339	0.070721	0.012807	0.292245	0.003179	0.082960	0.001613	0.691475
3.837815	0.016283	0.068962	0.010591	0.292099	0.003849	0.087883	0.001525	0.689740
3.823235	0.016339	0.071846	0.011772	0.292238	0.002512	0.086039	0.001490	0.693250
3.843623	0.016366	0.068847	0.011781	0.292315	0.003680	0.079107	0.001593	0.691385
3.844753	0.016445	0.071343	0.009829	0.292212	0.003683	0.088942	0.001630	0.691102
3.842316	0.016447	0.071202	0.005316	0.292382	0.002965	0.084355	0.001515	0.694338
3.839390	0.016405	0.067011	0.006828	0.292413	0.003648	0.082178	0.001647	0.690077
3.842283	0.016409	0.072691	0.013149	0.292256	0.003078	0.089776	0.001514	0.693443
3.841080	0.016409	0.071261	0.011240	0.292528	0.003372	0.081052	0.001628	0.694503
3.843636	0.016356	0.069114	0.010627	0.292452	0.003896	0.086764	0.001580	0.692065
3.838895	0.016443	0.072970	0.011471	0.292362	0.002449	0.090301	0.001514	0.695707
3.842085	0.016405	0.070584	0.004357	0.292658	0.003180	0.076965	0.001647	0.694520
3.841701	0.016423	0.069965	0.010541	0.292310	0.003454	0.086032	0.001665	0.692000
3.831271	0.016418	0.073655	0.011348	0.292408	0.002796	0.087652	0.001508	0.696774
3.840826	0.016469	0.070373	0.005533	0.292667	0.003579	0.079936	0.001643	0.695807
3.838184	0.016491	0.071189	0.010383	0.292519	0.003966	0.087303	0.001734	0.694164
3.832076	0.016504	0.072979	0.015075	0.292634	0.002063	0.088693	0.001572	0.697651
3.838731	0.016566	0.069955	0.011322	0.292696	0.003600	0.078156	0.001705	0.695075
3.838467	0.016455	0.071669	0.003761	0.292638	0.003894	0.087622	0.001750	0.694704
3.835596	0.016564	0.072701	0.017769	0.292598	0.001682	0.083458	0.001593	0.698536
3.839765	0.016782	0.070181	0.011797	0.292909	0.004023	0.076939	0.001669	0.695201
3.837161	0.016680	0.072869	0.008809	0.292655	0.003889	0.087782	0.001692	0.695878
3.840043	0.016628	0.072137	0.004109	0.292856	0.003735	0.081915	0.001566	0.699027
3.840478	0.016769	0.069563	0.004853	0.293046	0.003787	0.082074	0.001726	0.696171
3.842154	0.016704	0.073758	0.015088	0.292643	0.003641	0.086016	0.001604	0.697256
3.840034	0.016624	0.073038	0.008634	0.292501	0.003901	0.086069	0.001614	0.697686
3.840591	0.016647	0.069838	0.006967	0.292262	0.003572	0.079347	0.001698	0.694907
3.843855	0.016624	0.074787	0.006968	0.291838	0.003845	0.088235	0.001615	0.695200
3.843049	0.016581	0.074305	0.010670	0.291862	0.003911	0.083108	0.001556	0.695411
3.850061	0.016579	0.071236	0.007410	0.291442	0.004015	0.077351	0.001717	0.691483
3.842592	0.016382	0.076752	0.010296	0.291272	0.002983	0.089400	0.001642	0.692169
3.842584	0.016403	0.076791	0.008534	0.291211	0.003728	0.084208	0.001718	0.691407
3.851036	0.016353	0.073291	0.013794	0.290722	0.003975	0.084604	0.001731	0.687437
3.841621	0.016231	0.078523	0.004019	0.290586	0.003797	0.091962	0.001616	0.689503
3.847653	0.016161	0.077662	0.015132	0.290547	0.003306	0.085935	0.001713	0.689278
3.850436	0.016244	0.075159	0.012691	0.290040	0.004128	0.089756	0.001829	0.685343
3.847294	0.016025	0.079450	0.008271	0.290099	0.003596	0.094536	0.001674	0.689568
3.851942	0.016054	0.078570	0.006276	0.290137	0.003033	0.085495	0.001812	0.689022
3.841066	0.015980	0.077569	0.011606	0.289770	0.003691	0.090666	0.001874	0.686016
3.838367	0.015808	0.080505	0.008651	0.289642	0.003207	0.094855	0.001689	0.689762
3.847581	0.015903	0.077897	0.012084	0.289780	0.003968	0.084885	0.001911	0.688097
3.845940	0.015910	0.080080	0.009571	0.289380	0.004020	0.094437	0.001955	0.686829
3.838832	0.015889	0.080919	0.006961	0.289463	0.004090	0.093126	0.001820	0.688822
3.845186	0.015815	0.076451	0.007188	0.289112	0.003527	0.085000	0.001912	0.685125
3.842508	0.015561	0.081872	0.015321	0.288886	0.003761	0.094221	0.001824	0.689025
3.844910	0.015656	0.081040	0.016355	0.289079	0.003051	0.087707	0.001919	0.689068
3.850719	0.015673	0.079646	0.010425	0.288737	0.003855	0.089262	0.001940	0.686246
3.836610	0.015511	0.083016	0.010184	0.288597	0.003677	0.093418	0.001804	0.690048
3.849942	0.015463	0.081093	0.014020	0.288598	0.003440	0.086263	0.001948	0.689104
3.840682	0.015455	0.080940	0.010434	0.288269	0.004065	0.095710	0.001969	0.686330
3.839498	0.015333	0.084403	0.012904	0.288217	0.003508	0.097696	0.001840	0.690816
3.839779	0.015381	0.081113	0.010095	0.288269	0.003638	0.086781	0.001959	0.688916
3.840788	0.015306	0.082921	0.009160	0.287880	0.003415	0.095800	0.001993	0.688560
3.839290	0.015266	0.084342	0.008911	0.288131	0.004422	0.093496	0.001895	0.691032
3.843566	0.015374	0.079955	0.006564	0.287962	0.003601	0.088448	0.002091	0.689191
3.843279	0.015189	0.084206	0.014176	0.287644	0.003010	0.100350	0.001981	0.691397
3.841982	0.015230	0.084534	0.007708	0.288065	0.003748	0.088603	0.001906	0.693895
3.840945	0.015281	0.080056	0.008017	0.288117	0.003939	0.086763	0.002108	0.690146
3.843831	0.015117	0.084890	0.009165	0.287891	0.003681	0.098564	0.001832	0.693795
3.847179	0.015135	0.084490	0.017499	0.288208	0.003495	0.090335	0.001955	0.694699
3.847856	0.015209	0.081785	0.011327	0.287839	0.003621	0.091571	0.002106	0.690845
3.834699	0.015091	0.085875	0.009219	0.288025	0.003854	0.094799	0.001956	0.694939
3.850917	0.015156	0.082807	0.007575	0.288211	0.003718	0.085720	0.002096	0.693224
3.848074	0.015157	0.084756	0.013725	0.288012	0.004401	0.096978	0.002071	0.691297
3.839447	0.015120	0.085479	0.011739	0.288118	0.004238	0.092167	0.001960	0.693833
3.846650	0.015112	0.081816	0.018179	0.288206	0.002964	0.084778	0.002189	0.691428
3.841763	0.015094	0.084637	0.017274	0.288101	0.002849	0.092124	0.002087	0.692110
3.840919	0.014997	0.085628	0.004540	0.288258	0.003865	0.089906	0.001919	0.693328
3.839153	0.015183	0.081557	0.009166	0.288283	0.003840	0.089867	0.002252	0.690693
3.839833	0.015082	0.086132	0.005223	0.288377	0.003080	0.095572	0.002025	0.693715
3.844160	0.015087	0.085171	0.007269	0.288586	0.003304	0.089755	0.002059	0.693819
3.845510	0.015171	0.083162	0.014061	0.288469	0.003679	0.095534	0.002207	0.691384
3.836878	0.014985	0.087053	0.010941	0.288395	0.002992	0.091905	0.002022	0.693717
3.848414	0.015127	0.085051	0.006540	0.288640	0.003750	0.090712	0.002098	0.693391
3.838770	0.015105	0.083742	0.010527	0.288517	0.003808	0.093686	0.002200	0.691299
3.842387	0.015111	0.087042	0.015436	0.288571	0.003767	0.094355	0.002031	0.693863
3.841402	0.015160	0.084508	0.008503	0.288890	0.004248	0.088706	0.002102	0.692938
3.845803	0.015132	0.084597	0.012928	0.288452	0.003785	0.092489	0.002100	0.690134
3.832323	0.014965	0.087365	0.011349	0.288601	0.004312	0.090931	0.001963	0.693811
3.847247	0.015218	0.082728	0.009385	0.288770	0.004151	0.084402	0.002149	0.690732
3.843652	0.015019	0.085843	0.008006	0.288470	0.003561	0.093961	0.002188	0.690280
3.843779	0.015128	0.086339	0.003101	0.288687	0.004259	0.092330	0.002038	0.692975
3.849489	0.015221	0.082113	0.007135	0.288514	0.003765	0.088457	0.002118	0.689690
3.849982	0.015063	0.086458	0.010409	0.288545	0.003996	0.092643	0.002173	0.690984
3.847584	0.014970	0.085866	0.014285	0.288762	0.003590	0.088703	0.002117	0.692267
3.844380	0.015131	0.083397	0.012774	0.288720	0.003721	0.090037	0.002228	0.689609
3.840534	0.015037	0.087026	0.004276	0.288734	0.003763	0.097072	0.002116	0.691946
3.844157	0.015145	0.085388	0.008392	0.289111	0.004012	0.085242	0.002207	0.691162
3.836130	0.015111	0.084791	0.009950	0.288877	0.004000	0.094456	0.002314	0.689145
3.839373	0.014993	0.087624	0.014830	0.288919	0.003467	0.092450	0.002104	0.691898
3.843656	0.015088	0.085291	0.008956	0.289236	0.004123	0.087334	0.002253	0.690410
3.844485	0.015139	0.085815	0.008457	0.288778	0.003956	0.093746	0.002252	0.688509
3.841509	0.015082	0.087588	0.005331	0.288999	0.004336	0.092642	0.002179	0.691828
3.844842	0.015110	0.082563	0.009933	0.289210	0.003744	0.084557	0.002207	0.687792
3.837694	0.014972	0.086538	0.014904	0.288750	0.003511	0.089390	0.002220	0.687827
3.846946	0.014966	0.087099	0.015865	0.289012	0.003048	0.087821	0.002013	0.690439
3.846697	0.014963	0.082911	0.007158	0.289055	0.003210	0.086911	0.002286	0.686994
3.847327	0.015098	0.087629	0.006993	0.288783	0.003145	0.095329	0.002207	0.688324
3.844122	0.015041	0.086755	0.011085	0.289185	0.003256	0.087164	0.002056	0.689775
3.837889	0.015129	0.083634	0.009466	0.289366	0.003116	0.085321	0.002271	0.687228
3.841651	0.015016	0.087584	0.011396	0.288975	0.003543	0.092904	0.002125	0.687594
3.836428	0.015041	0.086662	0.010023	0.289399	0.002969	0.087475	0.002137	0.688739
3.835286	0.015096	0.084147	0.014794	0.289421	0.003377	0.091592	0.002313	0.686761
3.835991	0.015007	0.088013	0.011894	0.289132	0.003096	0.091181	0.002086	0.687640
3.841216	0.015081	0.085589	0.008027	0.289693	0.004162	0.084513	0.002194	0.687682
3.838005	0.015026	0.085530	0.005231	0.289267	0.003768	0.093551	0.002306	0.685972
3.838096	0.015040	0.087986	0.009783	0.289232	0.003641	0.087880	0.002225	0.687881
3.846350	0.015078	0.084849	0.012193	0.289712	0.003455	0.085464	0.002235	0.686353
3.834384	0.015011	0.085694	0.006955	0.289356	0.003739	0.089780	0.002301	0.684680
3.835916	0.015028	0.088502	0.004859	0.289398	0.003749	0.089343	0.002200	0.686940
3.846497	0.015032	0.084457	0.013339	0.289882	0.003355	0.087155	0.002250	0.685177
3.843710	0.015161	0.085910	0.013082	0.289550	0.003881	0.087297	0.002323	0.684033
3.839322	0.015001	0.088458	0.005639	0.289564	0.003492	0.089386	0.002213	0.687031
3.844612	0.015122	0.084242	0.015556	0.290152	0.003702	0.078667	0.002205	0.683981
3.838805	0.015085	0.086534	0.011650	0.289659	0.003516	0.088096	0.002405	0.683705
3.828001	0.015039	0.088018	0.006254	0.289709	0.004220	0.086791	0.002202	0.685873
3.840687	0.015084	0.083557	0.006807	0.290152	0.003389	0.082737	0.002275	0.682795
3.846941	0.015177	0.087334	0.008851	0.289508	0.003614	0.092963	0.002262	0.681508
3.838025	0.015099	0.086830	0.012704	0.289781	0.002726	0.082971	0.002234	0.685486
3.836268	0.015126	0.084132	0.018581	0.289884	0.003239	0.080486	0.002316	0.682793
3.837028	0.015094	0.087834	0.008732	0.289427	0.002974	0.086667	0.002117	0.682988
3.846693	0.015068	0.086286	0.005130	0.289848	0.003474	0.084703	0.002235	0.683147
3.837374	0.015104	0.084323	0.009746	0.289816	0.003377	0.082071	0.002362	0.681384
3.842154	0.015171	0.087361	0.015444	0.289369	0.002849	0.085303	0.002233	0.681894
3.839715	0.015203	0.085056	0.011438	0.289854	0.004021	0.075821	0.002213	0.680758
3.832289	0.015126	0.084928	0.012794	0.289722	0.004025	0.080598	0.002291	0.679877
3.843423	0.015119	0.087569	0.004896	0.289524	0.004000	0.085677	0.002273	0.681016
3.838058	0.015202	0.082626	0.007394	0.290118	0.003368	0.077979	0.002218	0.678299
3.840086	0.015228	0.084800	0.013510	0.289637	0.003923	0.082268	0.002334	0.677230
3.841606	0.015209	0.085535	0.014331	0.289636	0.003034	0.081177	0.002253	0.680210
3.836466	0.015237	0.081658	0.006806	0.290341	0.002671	0.076983	0.002210	0.677170
3.835623	0.015266	0.084741	0.008952	0.289748	0.004269	0.083961	0.002270	0.675579
3.833844	0.015273	0.085419	0.009471	0.290091	0.003362	0.080233	0.002191	0.679641
3.836711	0.015316	0.080801	0.010998	0.290532	0.002775	0.077616	0.002254	0.676098
3.837941	0.015351	0.084801	0.004105	0.290056	0.003090	0.083680	0.002220	0.675523
3.838887	0.015253	0.084403	0.006260	0.290422	0.003385	0.076385	0.002198	0.678033
3.840102	0.015436	0.080917	0.015711	0.290828	0.003590	0.076173	0.002255	0.676320
3.843035	0.015561	0.084669	0.011994	0.290405	0.003372	0.080740	0.002178	0.676284
3.844469	0.015429	0.082836	0.009674	0.290779	0.003454	0.072798	0.002249	0.677069
3.837282	0.015509	0.081806	0.006910	0.290993	0.003315	0.076420	0.002271	0.676327
3.834813	0.015596	0.084841	0.007163	0.290918	0.003579	0.078248	0.002144	0.677275
3.843565	0.015599	0.080870	0.015618	0.291559	0.003076	0.072973	0.002226	0.675815
3.832417	0.015636	0.082210	0.013407	0.291503	0.002852	0.079274	0.002260	0.675759
3.838252	0.015713	0.083968	0.007835	0.291518	0.003508	0.080599	0.002169	0.678303
3.833371	0.015742	0.078631	0.009666	0.292273	0.003132	0.064129	0.002212	0.675706
3.829843	0.015879	0.082193	0.006987	0.291928	0.003984	0.078374	0.002194	0.675706
3.838923	0.015847	0.082662	0.011162	0.292190	0.003331	0.075135	0.002095	0.678815
3.831693	0.015843	0.078022	0.006210	0.292850	0.002319	0.067456	0.002203	0.674523
3.832472	0.016110	0.081985	0.008105	0.292473	0.003875	0.073889	0.002132	0.674823
3.836481	0.016018	0.081327	0.008966	0.293072	0.003204	0.070080	0.002079	0.678768
3.829397	0.016153	0.078454	0.011904	0.293776	0.002915	0.075520	0.002159	0.677160
3.830247	0.016319	0.081736	0.014701	0.293475	0.002725	0.071796	0.002097	0.678310
3.829248	0.016196	0.079535	0.008710	0.294150	0.003345	0.067178	0.001969	0.680763
3.831307	0.016378	0.077497	0.009432	0.294585	0.002718	0.068753	0.002080	0.680629
3.827585	0.016390	0.080665	0.008285	0.294313	0.002797	0.073047	0.001953	0.681268
3.831741	0.016371	0.077995	0.012478	0.294683	0.002975	0.064082	0.002025	0.680026
3.826636	0.016422	0.077354	0.007397	0.294605	0.003051	0.067868	0.002103	0.679230
3.838941	0.016483	0.080673	0.007019	0.294145	0.003417	0.073993	0.002020	0.681455
3.834087	0.016366	0.076190	0.006518	0.294798	0.003516	0.063460	0.001994	0.678284
3.827747	0.016457	0.078032	0.016090	0.294693	0.003272	0.068387	0.002103	0.678870
3.828308	0.016450	0.080637	0.009547	0.294498	0.002848	0.067780	0.001998	0.681315
3.829785	0.016503	0.075513	0.004808	0.295214	0.003542	0.059457	0.001970	0.678841
3.818749	0.016512	0.078545	0.016841	0.295126	0.003736	0.069653	0.002077	0.679219
3.822466	0.016572	0.080047	0.009603	0.294944	0.002897	0.067486	0.001971	0.680852
3.826329	0.016543	0.075256	0.012410	0.295553	0.002992	0.061266	0.002033	0.677937
3.828539	0.016563	0.078111	0.007286	0.295343	0.003101	0.071060	0.002045	0.677973
3.827856	0.016668	0.079227	0.009306	0.295248	0.002757	0.069879	0.001999	0.680511
3.823003	0.016607	0.073617	0.008750	0.295938	0.002673	0.059071	0.002085	0.676333
3.823847	0.016648	0.078469	0.010673	0.295319	0.003280	0.069700	0.002009	0.676490
3.825484	0.016636	0.078498	0.003110	0.295651	0.003303	0.059937	0.001992	0.679612
3.821296	0.016731	0.074448	0.013764	0.296152	0.002599	0.061443	0.002087	0.676345
3.824310	0.016770	0.079633	0.015017	0.295742	0.002657	0.069246	0.002040	0.676857
3.825394	0.016741	0.077892	0.007586	0.295899	0.003095	0.064742	0.001943	0.679372
3.822025	0.016707	0.075724	0.007293	0.296358	0.002342	0.060617	0.002070	0.677079
3.817433	0.016815	0.079135	0.010121	0.295882	0.003220	0.068186	0.001990	0.677125
3.828113	0.016835	0.077484	0.010037	0.296323	0.002831	0.062087	0.001995	0.678602
3.818581	0.016796	0.076270	0.006720	0.296680	0.002728	0.062364	0.001939	0.676970
3.823130	0.016895	0.079370	0.006793	0.296131	0.002833	0.067734	0.001965	0.677851
3.833516	0.016757	0.075654	0.007499	0.296582	0.003186	0.061181	0.002090	0.676682
3.820980	0.016765	0.076437	0.016502	0.296637	0.002395	0.063964	0.001970	0.676618
3.815599	0.016920	0.079325	0.007671	0.296332	0.003014	0.068319	0.001878	0.677540
3.822864	0.016829	0.074674	0.005933	0.296926	0.003122	0.059115	0.001989	0.675941
3.825777	0.016899	0.077232	0.009005	0.296802	0.002672	0.066486	0.002068	0.676185
3.823623	0.016884	0.079227	0.013129	0.296740	0.002727	0.064593	0.001946	0.678441
3.821510	0.016870	0.073502	0.017280	0.297267	0.001896	0.055805	0.002062	0.674399
3.815439	0.017005	0.078202	0.008407	0.296953	0.002621	0.065551	0.001922	0.675971
3.824217	0.016906	0.077537	0.011160	0.297051	0.002660	0.062153	0.001964	0.677980
3.822286	0.016933	0.074531	0.009873	0.297556	0.002814	0.061779	0.002083	0.674657
3.818462	0.017046	0.078360	0.012237	0.297070	0.002980	0.067776	0.001927	0.675335
3.817679	0.016978	0.077258	0.008823	0.297272	0.002929	0.061725	0.001990	0.677021
3.822932	0.016946	0.074725	0.009740	0.297674	0.002838	0.059446	0.002031	0.675082
3.808914	0.017121	0.078276	0.009132	0.297341	0.003172	0.061282	0.001949	0.675675
3.825675	0.017033	0.075736	0.010663	0.297666	0.002606	0.057598	0.002025	0.675746
3.817298	0.017012	0.075322	0.006826	0.297884	0.002406	0.060270	0.001995	0.674699
3.820314	0.017102	0.078893	0.007670	0.297497	0.002506	0.064488	0.001893	0.675602
3.812808	0.017026	0.075209	0.011564	0.297855	0.002845	0.054062	0.002051	0.674987
3.823368	0.017026	0.075990	0.020314	0.298178	0.002708	0.064745	0.002031	0.674876
3.817581	0.017220	0.078867	0.007379	0.297722	0.002909	0.065721	0.001856	0.675820
3.817914	0.017070	0.073913	0.006311	0.298168	0.002794	0.055986	0.002031	0.673182
3.819120	0.017053	0.076308	0.015600	0.298108	0.002548	0.062655	0.002013	0.673761
3.806735	0.017245	0.078328	0.006831	0.297695	0.002784	0.063158	0.001846	0.674941
3.817296	0.017050	0.073781	0.007827	0.298243	0.002924	0.056830	0.002074	0.672529
3.822017	0.017148	0.076603	0.013471	0.298150	0.003104	0.070677	0.001999	0.673605
3.814142	0.017170	0.078200	0.010996	0.298084	0.002920	0.061240	0.001902	0.675244
3.811840	0.017191	0.072707	0.015721	0.298501	0.002016	0.055387	0.002031	0.672636
3.808764	0.017208	0.077597	0.012772	0.297685	0.001982	0.069132	0.001952	0.671320
3.817511	0.017246	0.076627	0.006872	0.297693	0.002493	0.060712	0.002017	0.673918
3.818395	0.017037	0.074994	0.011895	0.297757	0.002192	0.063999	0.002052	0.670819
3.816178	0.017089	0.079619	0.004200	0.297036	0.002595	0.063868	0.002013	0.669439
3.818164	0.017062	0.076084	0.013295	0.297248	0.002879	0.055631	0.002066	0.667957
3.815869	0.016952	0.076453	0.008422	0.297164	0.002677	0.064626	0.002052	0.665632
3.812418	0.016976	0.080584	0.008645	0.296620	0.002780	0.065783	0.002019	0.666121
3.814638	0.016820	0.075271	0.010931	0.296786	0.002798	0.060776	0.002091	0.662627
3.813930	0.016714	0.078368	0.018054	0.296493	0.002803	0.066542	0.002175	0.662106
3.818786	0.016854	0.081106	0.015489	0.296137	0.002735	0.065751	0.002033	0.663605
3.817687	0.016670	0.076264	0.009481	0.296525	0.002734	0.063121	0.002143	0.660036
3.821960	0.016513	0.079869	0.010904	0.296033	0.002626	0.072085	0.002181	0.660660
3.820158	0.016618	0.081631	0.014168	0.295830	0.002410	0.065692	0.002082	0.661818
3.820789	0.016497	0.076690	0.008825	0.296077	0.001930	0.059519	0.002206	0.658247
3.812312	0.016431	0.080410	0.011919	0.295767	0.002967	0.067130	0.002227	0.659680
3.818735	0.016484	0.082070	0.013529	0.295449	0.002395	0.067303	0.002082	0.661289
3.820527	0.016350	0.077489	0.011081	0.295794	0.002269	0.063809	0.002238	0.657887
3.817445	0.016238	0.081554	0.006126	0.295346	0.003131	0.071775	0.002164	0.659090
3.815241	0.016199	0.082997	0.011652	0.295158	0.002768	0.067477	0.002117	0.660668
3.824371	0.016180	0.077812	0.015069	0.295242	0.002226	0.063249	0.002280	0.656956
3.814467	0.016067	0.081146	0.017721	0.295053	0.002863	0.073215	0.002205	0.658403
3.813991	0.016136	0.083832	0.008743	0.294645	0.002332	0.070220	0.002096	0.659791
3.822984	0.016055	0.078988	0.014576	0.294856	0.002496	0.062025	0.002168	0.657388
3.823973	0.015929	0.080830	0.013031	0.294750	0.002168	0.074246	0.002268	0.658184
3.816208	0.015960	0.084130	0.012601	0.294259	0.002630	0.071956	0.002124	0.659845
3.820063	0.015876	0.080311	0.010226	0.294533	0.002361	0.068127	0.002151	0.658369
3.822530	0.015797	0.081531	0.011811	0.294566	0.002173	0.076274	0.002199	0.658648
3.823634	0.015866	0.084272	0.002916	0.293937	0.002540	0.076240	0.002170	0.660333
3.815505	0.015780	0.080740	0.014889	0.294154	0.002470	0.069094	0.002194	0.657996
3.813139	0.015626	0.081627	0.014671	0.294278	0.002237	0.068702	0.002246	0.659056
3.820813	0.015737	0.084878	0.010140	0.293728	0.002721	0.074383	0.002227	0.661877
3.826085	0.015696	0.081198	0.011572	0.293989	0.002315	0.068560	0.002200	0.659747
3.814139	0.015604	0.082569	0.012178	0.294234	0.002189	0.074805	0.002229	0.660224
3.822864	0.015678	0.085039	0.006084	0.293885	0.002609	0.074681	0.002219	0.662414
3.821799	0.015667	0.082074	0.013070	0.294181	0.002486	0.070694	0.002287	0.660677
3.813925	0.015512	0.081615	0.007397	0.294276	0.002004	0.070051	0.002141	0.660581
3.814721	0.015627	0.085149	0.012533	0.294052	0.002133	0.076300	0.002300	0.661041
3.822194	0.015688	0.082637	0.007664	0.294254	0.002563	0.070875	0.002180	0.660840
3.818492	0.015461	0.081652	0.004929	0.294482	0.002457	0.072715	0.002183	0.660111
3.817841	0.015674	0.084792	0.010706	0.294107	0.002670	0.075168	0.002218	0.660984
3.822270	0.015533	0.081845	0.012927	0.294348	0.002378	0.067883	0.002181	0.660152
3.816174	0.015463	0.081317	0.012717	0.294582	0.002529	0.072155	0.002220	0.659359
3.816971	0.015578	0.084281	0.006175	0.294296	0.002723	0.077640	0.002195	0.660653
3.818746	0.015573	0.081337	0.013882	0.294567	0.002502	0.065765	0.002227	0.658945
3.819362	0.015446	0.081139	0.006649	0.294618	0.002115	0.073141	0.002212	0.658630
3.817114	0.015531	0.084509	0.007073	0.294296	0.002333	0.074440	0.002185	0.660623
3.818603	0.015502	0.078923	0.006375	0.294728	0.002388	0.071172	0.002124	0.657267
3.821763	0.015431	0.082057	0.009232	0.294567	0.002426	0.078999	0.002249	0.657694
3.821844	0.015573	0.083633	0.011440	0.294512	0.001950	0.074251	0.002150	0.659690
3.813024	0.015453	0.077983	0.007589	0.294803	0.002607	0.067989	0.002241	0.655730
3.819187	0.015422	0.082451	0.006579	0.294585	0.002660	0.077272	0.002103	0.657147
3.815713	0.015509	0.082474	0.013711	0.294557	0.002162	0.072643	0.002236	0.658755
3.821077	0.015460	0.078419	0.013230	0.294813	0.002301	0.071734	0.002174	0.655362
3.815515	0.015412	0.082719	0.009653	0.294614	0.002350	0.077854	0.002185	0.655581
3.821270	0.015451	0.082226	0.002159	0.294725	0.002448	0.070963	0.002185	0.658319
3.817309	0.015371	0.078167	0.020822	0.295002	0.002313	0.068676	0.002140	0.654199
3.804597	0.015389	0.082673	0.008788	0.294804	0.002260	0.077704	0.002202	0.655886
3.817346	0.015423	0.081887	0.007889	0.294703	0.002189	0.072190	0.002195	0.657410
3.816174	0.015404	0.078728	0.013438	0.295052	0.001828	0.071547	0.002131	0.653980
3.816411	0.015389	0.082129	0.008139	0.294756	0.002260	0.077286	0.002174	0.655070
3.821935	0.015422	0.081118	0.007607	0.294813	0.002136	0.071855	0.002169	0.656529
3.817988	0.015375	0.078481	0.006110	0.295019	0.002410	0.073308	0.002016	0.654096
3.812142	0.015462	0.082527	0.011922	0.294840	0.002277	0.076067	0.002167	0.655026
3.821512	0.015420	0.079224	0.011241	0.294969	0.001687	0.068530	0.002162	0.654247
3.822040	0.015333	0.079217	0.006947	0.294964	0.002472	0.074501	0.002125	0.653325
3.821011	0.015379	0.082055	0.005539	0.294760	0.002322	0.077402	0.002214	0.656302
3.822414	0.015379	0.079175	0.012131	0.294887	0.002089	0.073575	0.002103	0.653474
3.817035	0.015321	0.079050	0.014653	0.294893	0.001770	0.075027	0.002094	0.653343
3.822529	0.015359	0.082175	0.016175	0.294733	0.002121	0.081373	0.002171	0.654823
3.822431	0.015388	0.078830	0.008311	0.294820	0.002046	0.070199	0.002186	0.652754
3.823352	0.015221	0.078992	0.005921	0.294874	0.002052	0.073613	0.002051	0.653035
3.812003	0.015325	0.081531	0.013793	0.294652	0.001933	0.073342	0.002214	0.654066
3.819613	0.015383	0.078300	0.007355	0.294836	0.002267	0.073205	0.002187	0.651986
3.820488	0.015205	0.078371	0.004772	0.294792	0.002305	0.076417	0.002015	0.652047
3.815720	0.015316	0.081557	0.011524	0.294771	0.001820	0.076770	0.002222	0.654004
3.829152	0.015328	0.078417	0.011684	0.294855	0.001572	0.073013	0.002107	0.651861
3.813607	0.015134	0.077927	0.006759	0.294886	0.001928	0.077826	0.002051	0.651242
3.814709	0.015360	0.081378	0.015705	0.294701	0.002175	0.078345	0.002249	0.652457
3.823944	0.015216	0.078473	0.005598	0.294811	0.001901	0.073014	0.002153	0.651514
3.822438	0.015164	0.077358	0.007601	0.294901	0.002215	0.074189	0.002071	0.650593
3.824445	0.015302	0.081041	0.013156	0.294735	0.002240	0.077712	0.002241	0.652466
3.824320	0.015291	0.079054	0.005162	0.294947	0.001693	0.076685	0.002092	0.652172
3.822042	0.015192	0.076844	0.011938	0.294973	0.002314	0.078661	0.002027	0.650032
3.821558	0.015276	0.080477	0.008790	0.294779	0.002134	0.080903	0.002187	0.650882
3.827555	0.015202	0.079241	0.007530	0.294690	0.002115	0.075681	0.002063	0.651934
3.818760	0.015207	0.075682	0.012960	0.294896	0.001655	0.075853	0.002028	0.649458
3.817254	0.015201	0.080071	0.010143	0.294688	0.001525	0.078805	0.002070	0.649540
3.817958	0.015148	0.079050	0.010490	0.294750	0.001665	0.077814	0.002147	0.651366
3.825983	0.015232	0.074304	0.010149	0.294633	0.001532	0.075099	0.002091	0.647690
3.821121	0.015196	0.079220	0.010379	0.294694	0.001800	0.081501	0.002094	0.648082
3.827793	0.015127	0.079029	0.018922	0.294566	0.000947	0.076283	0.002198	0.650909
3.819333	0.015221	0.074065	0.005736	0.294789	0.001249	0.075776	0.002106	0.646549
3.830840	0.015234	0.078619	0.004630	0.294696	0.001904	0.082771	0.002070	0.648058
3.829721	0.015188	0.078758	0.014917	0.294550	0.001698	0.080120	0.002212	0.650827
3.828203	0.015205	0.073864	0.007928	0.294465	0.001257	0.077420	0.002104	0.646360
3.825544	0.015070	0.078244	0.009141	0.294142	0.002468	0.083538	0.002076	0.647678
3.822836	0.015113	0.077831	0.013860	0.294268	0.001020	0.076292	0.002164	0.649657
3.829174	0.015254	0.074003	0.013587	0.294364	0.000645	0.078067	0.002052	0.645385
3.813811	0.015161	0.078142	0.006198	0.294182	0.002266	0.079885	0.002165	0.646958
3.819263	0.015086	0.076691	0.006765	0.294117	0.001000	0.073753	0.002106	0.647453
3.827924	0.015254	0.072801	0.014047	0.294219	0.001094	0.074362	0.002062	0.644633
3.818814	0.015188	0.077826	0.005575	0.294068	0.001837	0.080290	0.002172	0.645668
3.837578	0.015160	0.076452	0.008166	0.294087	0.001203	0.076798	0.002013	0.646722
3.831953	0.015308	0.072446	0.014124	0.294018	0.001191	0.076832	0.002069	0.643898
3.830153	0.015245	0.076960	0.007193	0.293986	0.002142	0.081711	0.002057	0.644942
3.820565	0.015131	0.075294	0.014051	0.293936	0.001039	0.080376	0.002067	0.646338
3.828550	0.015358	0.071608	0.011790	0.293955	0.001085	0.071259	0.002084	0.643293
3.824982	0.015252	0.076095	0.006898	0.293918	0.002035	0.086883	0.002014	0.643597
3.828858	0.015202	0.074992	0.013541	0.294006	0.001152	0.076601	0.002154	0.646066
3.829266	0.015368	0.070295	0.004239	0.294188	0.001263	0.075929	0.002102	0.641771
3.823270	0.015365	0.074498	0.010210	0.294025	0.001631	0.081383	0.002035	0.643177
3.823985	0.015199	0.074140	0.009330	0.294150	0.001532	0.074225	0.002124	0.646045
3.830547	0.015533	0.069595	0.011601	0.294255	0.001612	0.076223	0.001995	0.641770
3.830357	0.015464	0.072380	0.014983	0.294145	0.001048	0.080098	0.002007	0.642735
3.825385	0.015371	0.073869	0.005687	0.294435	0.001616	0.079395	0.002079	0.646644
3.832010	0.015514	0.068821	0.014058	0.294461	0.001601	0.077086	0.001972	0.642105
3.826763	0.015528	0.071291	0.006904	0.294350	0.001075	0.081171	0.001947	0.643083
3.831038	0.015555	0.072316	0.006537	0.294453	0.001822	0.080554	0.002023	0.645916
3.836470	0.015705	0.067861	0.014334	0.294731	0.001784	0.074613	0.001922	0.642043
3.827137	0.015686	0.070934	0.011222	0.294724	0.001021	0.080788	0.001922	0.643740
3.832005	0.015725	0.071379	0.006762	0.294866	0.001771	0.078907	0.002087	0.646479
3.827658	0.015819	0.067221	0.008621	0.295313	0.001455	0.077237	0.001763	0.642948
3.832101	0.015870	0.069709	0.010073	0.295305	0.001093	0.080874	0.001949	0.644187
3.821740	0.015786	0.070498	0.001831	0.295373	0.001710	0.078231	0.002093	0.646816
3.827384	0.015927	0.065773	0.010251	0.295879	0.001522	0.072585	0.001838	0.643493
3.828702	0.016023	0.068955	0.014499	0.295806	0.001395	0.081811	0.001930	0.645023
3.828189	0.016015	0.068928	0.008656	0.296111	0.001254	0.072200	0.002030	0.649204
3.829627	0.016220	0.064053	0.010257	0.296528	0.001378	0.075933	0.001924	0.645193
3.824621	0.016315	0.068591	0.007505	0.296567	0.001272	0.081237	0.001908	0.647774
3.827451	0.016203	0.066783	0.013215	0.296876	0.000910	0.073094	0.002036	0.650982
3.834273	0.016328	0.062794	0.012617	0.296724	0.001399	0.079775	0.001930	0.646120
3.825074	0.016380	0.068226	0.007454	0.296624	0.001912	0.077707	0.001984	0.647860
3.830496	0.016149	0.064835	0.011761	0.296687	0.000834	0.070096	0.001953	0.649153
3.829882	0.016195	0.063560	0.018123	0.296483	0.001411	0.077164	0.001903	0.646757
3.833781	0.016432	0.067755	0.008634	0.296429	0.001520	0.080991	0.001846	0.649392
3.829293	0.016308	0.063866	0.005752	0.296645	0.000919	0.074211	0.002035	0.648357
3.832022	0.016380	0.063253	0.008961	0.296504	0.001215	0.076625	0.001888	0.646263
3.828011	0.016455	0.066735	0.012081	0.296535	0.001657	0.077274	0.001966	0.649476
3.826461	0.016375	0.062935	0.005457	0.296812	0.001172	0.075978	0.001964	0.647001
3.834043	0.016360	0.062886	0.009215	0.296714	0.001417	0.077515	0.001951	0.646626
3.825862	0.016376	0.066002	0.015936	0.296632	0.001942	0.079221	0.001927	0.649135
3.830214	0.016396	0.062118	0.006978	0.296910	0.000727	0.075550	0.001902	0.646212
3.833564	0.016422	0.062582	0.010234	0.296747	0.001126	0.074699	0.001855	0.645698
3.827300	0.016570	0.065450	0.004861	0.296895	0.001179	0.081869	0.001901	0.648803
3.832248	0.016514	0.060658	0.009683	0.297171	0.000805	0.077286	0.001830	0.645555
3.837581	0.016525	0.063806	0.013664	0.296936	0.001094	0.081483	0.001927	0.646284
3.828427	0.016437	0.064248	0.005651	0.296976	0.000896	0.076093	0.001905	0.648381
3.826655	0.016500	0.059221	0.007051	0.297194	0.001557	0.072794	0.001924	0.643249
3.839348	0.016598	0.064952	0.008644	0.296980	0.001925	0.080361	0.001859	0.645207
3.839328	0.016422	0.062745	0.015147	0.297055	0.000642	0.077435	0.001966	0.646769
3.833816	0.016666	0.059636	0.011683	0.297188	0.001499	0.076473	0.001890	0.644346
3.825508	0.016659	0.064699	0.011304	0.297017	0.001612	0.076444	0.001925	0.646478
3.834572	0.016597	0.060428	0.003421	0.297285	0.000796	0.075279	0.001897	0.645000
3.835639	0.016641	0.061120	0.006624	0.297087	0.000942	0.077677	0.001835	0.644439
3.832886	0.016623	0.063806	0.013726	0.297226	0.001122	0.075407	0.001829	0.646269
3.837540	0.016696	0.058453	0.015381	0.297368	0.000937	0.074692	0.001857	0.642976
3.837903	0.016774	0.062536	0.013262	0.297133	0.000670	0.080574	0.001891	0.644111
3.827507	0.016600	0.062230	0.003578	0.297274	0.001105	0.074169	0.001944	0.647059
3.839774	0.016625	0.058102	0.007408	0.297408	0.001183	0.076251	0.001918	0.642578
3.825107	0.016773	0.062784	0.011140	0.297246	0.001323	0.077948	0.001891	0.644090
3.841151	0.016610	0.061141	0.018470	0.297285	0.000966	0.071500	0.001936	0.645792
3.833075	0.016813	0.057168	0.006026	0.297537	0.000819	0.072989	0.001880	0.642135
3.836511	0.016739	0.062894	0.008232	0.297184	0.001701	0.081408	0.001894	0.643846
3.841079	0.016810	0.059105	0.006833	0.297357	0.000528	0.074870	0.001929	0.643791
3.842828	0.016801	0.058342	0.013344	0.297284	0.001489	0.078937	0.001862	0.641513
3.826422	0.016840	0.062115	0.014685	0.297238	0.000950	0.079573	0.001966	0.644871
3.834524	0.016829	0.057371	0.009357	0.297406	0.000818	0.075089	0.001775	0.641789
3.843727	0.016800	0.059811	0.006515	0.297280	0.001360	0.083049	0.001927	0.641378
3.835613	0.016708	0.060559	0.004979	0.297462	0.001057	0.076031	0.001910	0.645117
3.833455	0.016745	0.055341	0.010449	0.297657	0.001028	0.072404	0.001956	0.640194
3.832413	0.016826	0.061068	0.012192	0.297341	0.001468	0.079480	0.001838	0.641075
3.835533	0.016778	0.059989	0.014203	0.297231	0.000807	0.078165	0.001872	0.643282
3.832377	0.016927	0.055946	0.005859	0.297551	0.000661	0.074552	0.001954	0.639762
3.837052	0.016897	0.061484	0.007573	0.297282	0.001492	0.082258	0.001851	0.641148
3.838267	0.016720	0.058905	0.014807	0.297481	0.000661	0.076905	0.001856	0.642695
3.837494	0.016969	0.056395	0.016469	0.297554	0.000561	0.073812	0.001940	0.639443
3.826380	0.016939	0.060721	0.011421	0.297397	0.001599	0.076475	0.001905	0.642455
3.848087	0.016900	0.056614	0.006826	0.297309	0.000507	0.074600	0.001901	0.640636
3.842283	0.016952	0.056640	0.009477	0.297395	0.000854	0.078601	0.001948	0.638362
3.833774	0.016990	0.059606	0.014646	0.297441	0.000877	0.075251	0.001911	0.642061
3.844515	0.016861	0.055249	0.014396	0.297187	0.000693	0.073675	0.001920	0.637317
3.835799	0.016805	0.059061	0.010007	0.296748	0.001387	0.086615	0.001934	0.636343
3.833800	0.016756	0.059971	0.004915	0.296265	0.000610	0.077171	0.001965	0.639923
3.844615	0.016805	0.055396	0.006526	0.296212	0.000204	0.078619	0.001997	0.632815
3.845566	0.016744	0.061153	0.010596	0.296014	0.001527	0.084714	0.001907	0.633874
3.840158	0.016773	0.058894	0.012248	0.295802	0.000564	0.080274	0.002004	0.633522
3.839833	0.016774	0.057688	0.012264	0.295723	0.000746	0.075417	0.001933	0.628809
3.839240	0.016651	0.061831	0.018536	0.295360	0.000746	0.080912	0.001969	0.631830
3.845338	0.016559	0.057671	0.009160	0.295183	0.000653	0.078138	0.001930	0.627049
3.834066	0.016508	0.060567	0.003365	0.295014	0.001065	0.083715	0.001886	0.626361
3.836890	0.016348	0.062396	0.010194	0.294699	0.001000	0.081482	0.001934	0.628266
3.844462	0.016315	0.057358	0.018131	0.294619	0.000687	0.075486	0.001852	0.624133
3.851031	0.016255	0.061629	0.015845	0.294259	0.001349	0.082910	0.001862	0.624154
3.837551	0.016179	0.062118	0.003855	0.294112	0.001054	0.081037	0.001997	0.625820
3.851878	0.016146	0.058049	0.008210	0.294107	0.000614	0.081044	0.001901	0.622658
3.843212	0.016169	0.063111	0.015481	0.293824	0.001384	0.086528	0.001917	0.623844
3.839559	0.016043	0.061815	0.005168	0.293635	0.000792	0.079780	0.001955	0.625245
3.841200	0.015973	0.058776	0.010499	0.293652	0.000809	0.079147	0.001936	0.621463
3.848174	0.015951	0.063543	0.016697	0.293506	0.001593	0.086138	0.001915	0.622787
3.838467	0.015875	0.062017	0.011123	0.293241	0.001071	0.076648	0.001987	0.624452
3.850169	0.015894	0.059713	0.008964	0.293164	0.000824	0.083260	0.001885	0.620817
3.837336	0.015691	0.064083	0.006005	0.293004	0.001609	0.087028	0.001847	0.624369
3.848543	0.015757	0.061089	0.006164	0.292736	0.000829	0.083906	0.001820	0.622234
3.845031	0.015625	0.060944	0.008398	0.292702	0.000808	0.086642	0.001826	0.620682
3.849619	0.015687	0.063509	0.015741	0.292648	0.001318	0.085482	0.001904	0.624978
3.844360	0.015591	0.059853	0.006976	0.292503	0.000644	0.083975	0.001813	0.621013
3.843238	0.015475	0.063086	0.008876	0.292317	0.001376	0.084994	0.001872	0.621672
3.842699	0.015443	0.064507	0.011212	0.292353	0.000887	0.087510	0.001912	0.625440
3.849791	0.015426	0.060267	0.015906	0.292180	0.000615	0.083721	0.001872	0.620696
3.849804	0.015458	0.064129	0.011962	0.292059	0.001283	0.088926	0.001916	0.622947
3.843246	0.015398	0.064050	0.012290	0.292059	0.000768	0.083063	0.001839	0.626070
3.846191	0.015396	0.060552	0.009776	0.291917	0.000876	0.085418	0.001803	0.622330
3.841992	0.015270	0.064559	0.014298	0.292095	0.001441	0.085753	0.001861	0.625712
3.848732	0.015333	0.063418	0.012279	0.291965	0.001013	0.086086	0.001817	0.625757
3.834543	0.015302	0.060685	0.003539	0.292189	0.000802	0.082405	0.001908	0.623258
3.837673	0.015269	0.064944	0.007788	0.292234	0.001250	0.086271	0.001792	0.626206
3.851400	0.015391	0.061964	0.012685	0.291939	0.000890	0.085138	0.001816	0.624397
3.840274	0.015140	0.060906	0.012268	0.291903	0.000893	0.084468	0.001832	0.622614
3.852362	0.015271	0.064139	0.014489	0.292225	0.001241	0.086530	0.001868	0.626098
0.000000	0.000000	0.000000	0.000000	0.000000	0.000000	0.000000	0.000000	0.000000
